   	      	            fitness            	              size             
   	      	-------------------------------	-------------------------------
gen	nevals	avg    	max	min	std    	avg   	max	min	std    
0  	1000  	194.359	206	184	4.43307	26.654	127	3  	34.1113
1  	880   	193.01 	206	184	4.46048	39.408	255	1  	43.8873
2  	911   	192.596	205	183	4.36335	48.75 	315	1  	51.4879
3  	877   	191.869	206	183	4.53474	60.27 	325	1  	54.9891
4  	908   	191.151	205	182	4.82827	73.566	329	1  	60.7965
5  	891   	189.774	207	182	5.20297	89.244	333	1  	55.3289
6  	909   	188.337	205	182	4.89014	104.938	333	1  	55.5623
7  	884   	187.69 	204	182	4.76129	119.244	351	1  	61.4653
8  	872   	187.539	205	182	4.72911	133.07 	389	1  	63.1154
9  	918   	187.602	205	182	4.68717	137.688	435	1  	65.9994
10 	897   	187.801	207	182	4.7522 	141.362	453	1  	69.4755
11 	910   	187.619	205	182	4.73813	143.43 	553	1  	72.9631
12 	930   	187.741	205	182	4.74552	148.204	435	1  	75.1754
13 	900   	187.486	204	182	4.67395	153.384	483	1  	76.5193
14 	900   	187.459	206	182	4.71554	159.968	501	1  	82.3782
15 	905   	187.205	207	182	4.5975 	164.77 	435	1  	84.0328
16 	927   	187.622	205	182	4.64619	169.108	543	1  	89.2592
17 	898   	187.556	205	182	4.70902	179.12 	547	1  	95.0736
18 	893   	186.963	204	182	4.36275	191.094	735	3  	103.377
19 	892   	187.278	206	182	4.80736	189.408	673	1  	113.442
20 	905   	187.293	206	181	4.78154	194.198	643	3  	116.396
21 	906   	187.305	207	181	4.81352	198.282	583	1  	120.649
22 	891   	186.93 	202	181	4.54589	202.596	579	1  	119.132
23 	907   	187.018	202	181	4.52677	204.258	631	3  	116.749
24 	897   	186.859	203	181	4.56367	196.128	573	3  	110.512
25 	915   	186.963	204	181	4.68803	196.662	537	1  	107.44 
26 	914   	186.906	204	182	4.67431	187.198	517	1  	112.5  
27 	895   	187.116	205	182	4.7363 	197.726	517	1  	110.061
28 	891   	186.813	203	181	4.52681	201.914	471	1  	111.915
29 	887   	186.625	207	181	4.50382	204.122	495	1  	111.45 
30 	908   	186.901	205	181	4.69587	203.852	637	1  	110.787
31 	888   	187.019	206	181	4.7888 	199.418	595	3  	111.461
32 	882   	186.624	203	181	4.5623 	203.994	625	3  	115.887
33 	893   	186.966	203	181	4.69817	207.418	639	1  	115.622
34 	890   	186.63 	203	181	4.49234	200.064	635	3  	116.453
35 	894   	186.893	204	181	4.62899	207.692	635	5  	116.75 
36 	901   	186.453	205	181	4.37902	214.372	635	1  	110.673
37 	892   	186.34 	205	181	4.45336	221.366	635	1  	109.163
38 	905   	186.312	204	181	4.34703	226.156	647	3  	109.184
39 	907   	186.611	203	181	4.40519	234.532	657	1  	105.112
40 	893   	186.08 	205	180	4.20875	246.3  	589	1  	101.818
41 	886   	186.23 	204	180	4.29384	241.83 	537	1  	96.5395
42 	905   	186.163	202	180	4.13502	249.548	599	3  	103.121
43 	901   	186.053	203	180	4.10685	257.666	599	1  	100.991
44 	898   	186.108	206	180	4.2877 	264.778	661	1  	94.8027
45 	894   	186.025	204	180	4.10979	263.274	721	1  	90.6784
46 	892   	186.071	202	180	4.23627	262.558	605	3  	88.2425
47 	890   	186.022	206	181	4.2047 	254.962	621	1  	91.7294
48 	889   	185.962	204	181	4.14156	255.414	629	3  	90.3616
49 	900   	185.806	203	180	4.00554	253.704	601	1  	96.8209
50 	886   	185.989	204	180	4.1498 	258.202	569	3  	92.8303
51 	901   	185.853	202	180	3.96931	263.138	563	3  	97.6932
52 	884   	186.111	206	180	4.30333	258.338	579	1  	102.412
53 	902   	186.127	206	179	4.0852 	252.976	743	3  	110.573
54 	903   	185.823	203	179	4.12088	247.036	631	3  	110.684
55 	909   	186.189	202	179	4.31269	239.504	631	1  	109.027
56 	885   	185.905	205	180	4.10487	255.926	677	1  	114.621
57 	897   	186.019	204	180	4.1996 	257    	599	1  	106.86 
58 	917   	186.175	204	180	4.17138	253.752	599	1  	107.611
59 	901   	186.077	204	180	4.31336	255.874	607	1  	115.682
60 	912   	186.06 	204	180	4.18239	259.464	579	1  	109.355
61 	916   	185.937	205	181	4.00762	264.088	577	3  	107.214
62 	906   	186.04 	205	181	4.30725	262.028	725	1  	120.203
63 	893   	185.997	203	181	4.16257	258.794	611	1  	108.848
64 	901   	185.999	202	181	4.13219	254.124	593	1  	108.729
65 	905   	186.005	204	181	4.25076	264.788	649	1  	112.022
66 	889   	186.072	203	181	4.11228	259.838	617	5  	111.548
67 	880   	186.129	205	181	4.33502	259.45 	635	3  	115.623
68 	902   	186.284	204	180	4.39651	269.1  	677	3  	121.389
69 	894   	185.926	204	181	4.13141	269.968	575	1  	116.311
70 	889   	185.775	205	181	3.93451	269.722	571	1  	118.072
71 	876   	185.829	206	181	4.02589	275.068	605	3  	115.358
72 	894   	185.825	204	181	3.99104	291.166	637	3  	119.234
73 	896   	185.647	203	181	3.87794	283.488	681	1  	123.489
74 	903   	186.08 	201	181	4.00869	288.044	751	1  	131.087
75 	891   	185.786	204	179	4.06451	292.076	685	1  	127.081
76 	917   	186.016	204	180	4.16002	289.134	719	3  	125.738
77 	896   	185.75 	202	180	3.97536	292.524	743	1  	127.527
78 	887   	185.925	204	180	4.11623	298.292	765	1  	127.991
79 	908   	186.049	204	181	4.12027	309.472	697	1  	125.704
80 	905   	185.655	203	181	3.82622	317.162	745	1  	110.814
81 	913   	186.059	204	181	4.10482	310.846	641	1  	114.926
82 	910   	186.013	206	181	4.22289	305.566	675	3  	115.86 
83 	891   	185.592	202	180	3.88092	303.206	675	3  	112.608
84 	899   	185.897	203	180	4.01726	303.128	677	3  	106.373
85 	912   	185.911	204	181	4.03647	302.09 	797	3  	111.39 
86 	894   	186.057	204	181	4.05213	292.84 	607	1  	106.127
87 	885   	185.852	201	180	3.9327 	303.238	613	1  	105.991
88 	901   	185.766	204	180	3.9017 	302.124	627	1  	104.588
89 	890   	185.796	205	180	4.05665	314.126	629	1  	109.316
90 	924   	185.845	202	180	3.95158	316.904	621	1  	109.976
91 	911   	186.018	203	180	4.08089	319.36 	683	1  	110.769
92 	897   	185.736	204	181	4.02869	320.33 	677	3  	109.089
93 	899   	185.865	202	179	3.99134	328.402	677	1  	115.111
94 	904   	185.797	201	181	3.96532	329.64 	679	5  	118.681
95 	888   	185.637	204	181	3.96273	330.096	713	3  	116.338
96 	901   	185.969	200	181	4.02368	325.784	717	5  	112.149
97 	919   	185.838	204	181	4.01444	325.736	663	3  	119.463
98 	886   	186.054	202	180	4.13607	309.99 	779	1  	136.716
99 	881   	185.781	203	181	3.97405	313.14 	775	1  	139.031
100	886   	185.973	202	181	4.22377	317.838	671	1  	132.683
101	903   	186.137	206	181	4.2005 	326.166	697	3  	133.735
102	888   	185.804	204	181	3.9716 	343.86 	745	3  	137.776
103	889   	185.983	205	181	4.19198	349.742	697	3  	129.328
104	903   	185.825	201	181	3.89338	365.592	747	1  	123.365
105	901   	185.751	205	181	3.95057	364.44 	757	3  	117.486
106	919   	186.027	205	180	4.10832	363.544	735	1  	121.692
107	890   	185.8  	204	181	3.97316	368.81 	735	3  	122.419
108	902   	185.924	203	181	4.05317	363.758	735	1  	123.255
109	911   	185.665	204	181	3.88237	354.816	709	7  	121.122
110	882   	185.76 	203	181	3.94973	350.986	707	5  	120.235
111	910   	186.045	204	180	4.22031	345.052	697	3  	129.461
112	899   	185.671	201	181	3.84327	362.376	735	1  	126.519
113	898   	185.931	204	181	4.10564	368.776	709	1  	128.022
114	889   	185.816	200	181	4.0125 	361.874	719	3  	122.028
115	900   	185.729	201	181	3.95393	372.562	749	3  	122.437
116	897   	185.814	203	181	3.93896	373.504	679	3  	127.003
117	891   	185.779	203	181	3.93829	374.134	695	7  	122.204
118	913   	185.782	202	181	3.78899	378.112	685	3  	122.533
119	891   	185.643	203	181	3.86103	375.28 	695	1  	121.39 
120	865   	185.661	205	181	3.89128	374.846	685	3  	118.525
121	905   	185.886	207	181	4.09841	359.75 	675	1  	119.547
122	908   	185.747	204	181	3.94094	356.834	675	1  	122.665
123	913   	186.019	203	181	4.17045	361.734	785	1  	119.926
124	907   	186.026	204	180	4.09137	364.148	689	3  	123.734
125	914   	185.714	202	181	3.85256	357.59 	625	3  	123.384
126	902   	185.945	203	181	4.0956 	352.958	607	3  	115.491
127	888   	186.048	203	181	4.14894	361.068	627	1  	115.736
128	881   	185.853	205	181	4.0469 	366.696	711	3  	115.028
129	892   	185.734	200	180	3.92826	371.64 	633	3  	105.198
130	897   	185.842	204	180	4.12929	377.7  	743	3  	104.801
131	886   	185.817	203	181	4.02784	369.862	863	1  	113.054
132	907   	185.763	205	181	3.90549	379.5  	807	1  	110.37 
133	883   	185.625	200	180	3.66174	387.604	745	1  	110.452
134	908   	185.575	205	181	3.78845	380.738	847	3  	123.858
135	901   	185.929	204	181	4.15475	380.514	849	5  	118.328
136	895   	185.869	204	181	4.05189	374.178	803	3  	110.55 
137	903   	185.949	204	180	4.04035	379.898	757	3  	108.895
138	886   	185.755	204	181	3.90294	384.502	765	1  	103.246
139	894   	186.03 	204	181	4.11377	384.914	761	1  	111.241
140	906   	185.753	205	181	3.87169	394.928	765	1  	113.546
141	909   	185.937	204	181	4.04315	396.152	787	3  	121.795
142	896   	185.679	200	181	3.81732	401.436	767	1  	123.21 
143	880   	185.695	204	181	3.90205	409.26 	793	5  	127.077
144	900   	185.924	204	180	3.98324	410.342	807	3  	132.019
145	909   	186.028	204	180	4.171  	394.204	787	3  	125.13 
146	893   	185.976	202	180	3.98289	400.732	837	1  	129.012
147	921   	185.809	203	181	3.8422 	409.034	723	3  	126.833
148	918   	185.846	202	181	3.8171 	408.136	751	3  	125.055
149	893   	185.924	204	181	3.98374	399.852	847	7  	127.155
150	884   	185.7  	203	181	3.79236	401.682	817	3  	135.123
151	893   	185.684	203	180	3.8458 	397.61 	739	5  	144.663
152	912   	185.846	204	180	3.84035	404.816	843	3  	143.193
153	918   	185.773	201	180	3.88632	415.552	815	1  	147.551
154	886   	185.955	202	181	3.92976	419.746	767	3  	145.064
155	916   	185.776	201	181	3.85925	424.652	901	3  	144.609
156	897   	185.64 	205	180	3.68109	438.22 	905	3  	150.369
157	906   	185.815	203	180	3.96343	443.314	831	5  	137.352
158	900   	185.753	205	181	4.03708	436.47 	789	1  	137.462
159	910   	185.785	203	181	3.83468	425.11 	793	3  	135.329
160	896   	185.703	202	181	3.80116	438.938	739	5  	130.738
161	901   	185.862	205	181	3.90448	431.636	739	5  	137.716
162	905   	185.785	203	181	3.90625	425.296	733	1  	134.027
163	916   	185.742	206	180	3.84986	411.436	853	3  	134.448
164	907   	185.672	204	180	3.9279 	405.926	731	3  	139.418
165	873   	185.692	204	180	3.96701	412.142	745	1  	139.324
166	916   	185.877	203	180	4.07012	418.572	775	3  	133.971
167	913   	185.644	203	180	3.85918	411.33 	735	1  	136.932
168	911   	185.709	206	180	3.94466	407.01 	775	3  	141.99 
169	911   	186.093	206	180	4.08146	405.876	711	1  	140.366
170	921   	185.849	204	180	3.79212	385.828	701	5  	146.555
171	901   	185.79 	204	180	3.96962	393.296	759	1  	146.328
172	899   	185.809	205	180	3.97348	373.672	719	5  	137.828
173	888   	185.802	200	180	3.98608	371.624	713	3  	136.715
174	892   	185.756	204	181	3.91848	378.128	699	5  	131.047
175	884   	185.695	203	181	3.87737	368.398	769	3  	135.268
176	903   	185.887	202	180	3.93271	358.844	675	1  	132.949
177	916   	185.815	203	181	3.91775	356.818	759	1  	142.149
178	905   	185.894	202	181	3.89676	365.582	719	3  	141.685
179	898   	186.038	203	181	4.11978	371.662	723	1  	145.189
180	912   	185.883	201	181	3.92802	368.714	739	3  	146.308
181	909   	185.88 	206	181	4.0772 	366.62 	763	5  	142.98 
182	891   	185.842	203	180	3.96119	371.07 	759	1  	150.771
183	882   	185.907	205	181	4.15384	356.036	763	3  	150.033
184	889   	185.917	204	181	4.0608 	359.768	815	1  	149.824
185	910   	185.815	202	181	3.92056	356.216	817	3  	151.198
186	885   	185.744	205	181	4.00106	355.894	821	3  	148.172
187	900   	185.578	200	180	3.72799	363.58 	821	1  	140.852
188	903   	185.775	205	181	4.00854	367.258	745	3  	145.243
189	892   	185.501	203	180	3.80237	371.794	783	3  	143.689
190	916   	185.764	204	180	3.97999	379.518	813	5  	140.524
191	905   	186.036	204	180	4.15123	393.476	783	1  	140.757
192	876   	185.388	206	180	3.76211	401.766	773	1  	139.527
193	889   	185.518	201	180	3.70374	406.618	869	3  	134.17 
194	892   	185.545	202	180	3.80604	401.878	805	1  	140.222
195	901   	185.922	199	181	3.90921	408.074	871	3  	141.693
196	899   	185.944	204	181	4.03124	407.988	879	1  	146.949
197	904   	185.98 	203	181	4.0526 	418.512	877	1  	144.087
198	905   	186.013	204	181	4.09913	428.022	849	3  	150.949
199	904   	185.841	208	181	4.1255 	431.542	853	1  	152.863
200	908   	185.793	203	181	3.94894	429.548	819	1  	146.948
201	913   	186.136	205	181	4.24941	430.358	815	1  	149.247
202	906   	185.911	203	181	3.96977	428.23 	843	1  	142.794
203	908   	185.848	205	181	3.93661	417.038	829	7  	138.142
204	912   	185.676	204	181	3.81484	421.314	831	3  	140.335
205	897   	185.879	203	181	3.97597	430.586	869	5  	142.461
206	914   	185.817	201	181	3.83138	424.714	843	3  	139.522
207	907   	185.853	206	180	4.02659	417.282	849	1  	130.82 
208	894   	185.697	206	180	3.90143	401.738	777	5  	129.886
209	905   	185.611	203	180	3.791  	403.716	769	3  	125.37 
210	901   	185.704	202	180	3.85232	395.304	745	5  	127.79 
211	898   	185.625	202	180	3.73984	382.926	763	3  	131.623
212	900   	185.923	204	180	3.95918	376.57 	793	3  	130.459
213	886   	185.8  	204	180	3.95828	378.872	783	1  	137.143
214	897   	185.741	203	180	3.89126	388.724	711	3  	136.159
215	904   	185.881	203	180	3.97452	385.132	693	3  	132.572
216	903   	185.789	204	181	3.94163	383.254	693	1  	127.959
217	915   	185.878	205	181	3.82977	389.502	735	1  	128.193
218	900   	185.816	205	181	3.92609	384.492	707	1  	132.945
219	908   	185.946	201	181	3.92162	374.374	697	1  	135.893
220	914   	185.768	203	180	3.88975	367.848	697	3  	141.982
221	888   	185.849	204	180	4.03636	369.828	693	5  	147.729
222	910   	186.004	204	180	4.12844	376.114	783	1  	151.001
223	897   	185.844	203	180	4.00221	383.54 	715	1  	143.946
224	915   	186.168	205	181	4.20212	373.386	701	3  	150.499
225	895   	185.826	205	181	4.00271	369.466	773	1  	150.838
226	904   	186.02 	203	181	4.18445	376.524	775	1  	147.512
227	903   	185.797	205	181	3.94332	374.062	867	1  	140.411
228	897   	185.774	203	181	3.92338	374.348	783	3  	137.704
229	904   	185.715	205	181	3.89484	380.524	673	1  	138.453
230	894   	185.917	203	181	4.1362 	378.982	749	1  	141.209
231	892   	185.801	203	180	3.99392	380.74 	671	3  	140.186
232	913   	185.757	204	181	3.92224	377.034	671	3  	135.106
233	902   	185.75 	205	180	3.87189	375.886	661	5  	121.121
234	916   	185.974	204	180	3.94884	376.29 	773	3  	122.286
235	883   	185.753	204	181	4.08803	384.324	775	3  	129.69 
236	894   	185.872	205	181	4.00345	376.546	773	1  	121.809
237	898   	185.623	203	180	3.77874	386.224	667	1  	115.804
238	889   	185.797	200	180	3.90356	389.366	709	1  	126.725
239	892   	185.605	201	180	3.9384 	388.02 	747	3  	128.105
240	908   	185.642	204	181	3.87735	383.08 	713	1  	129.088
241	877   	185.919	205	181	4.08833	373.85 	721	3  	134.917
242	893   	185.762	205	180	3.95036	379.298	667	3  	132.205
243	888   	185.974	203	180	4.0612 	375.792	709	1  	135.711
244	907   	185.909	204	180	4.03171	380.144	741	3  	132.055
245	902   	186.048	205	180	4.05286	383.938	665	3  	130.829
246	918   	186.044	203	181	4.1151 	384.118	681	1  	130.526
247	903   	185.745	202	181	3.80447	385.58 	729	7  	122.741
248	887   	185.671	203	181	3.92795	380.706	729	1  	125.824
249	914   	185.841	203	181	3.88738	371.03 	719	1  	125.873
250	885   	185.623	205	181	3.90447	374.362	743	1  	127.043
251	901   	185.75 	203	180	3.8984 	368.084	715	3  	122.354
252	901   	185.975	202	181	4.11028	383.342	693	7  	131.88 
253	891   	185.674	203	181	3.87656	394.186	781	3  	128.845
254	905   	185.703	201	180	3.77423	390.322	741	3  	136.563
255	919   	186.014	202	180	4.10923	403.538	747	1  	145.891
256	918   	185.866	204	180	3.9174 	412.96 	789	1  	148.21 
257	898   	185.804	204	181	3.94988	419.398	789	3  	146.874
258	878   	185.723	202	181	3.85386	414.896	779	1  	144.523
259	885   	185.827	202	180	3.95943	409.594	819	5  	137.614
260	893   	185.699	204	179	3.91566	393.762	769	1  	133.395
261	891   	185.697	203	179	3.87417	403.366	767	3  	126.493
262	892   	185.852	202	179	3.89411	403.718	811	1  	126.609
263	872   	185.943	203	179	4.06814	390.212	839	3  	126.447
264	888   	185.738	202	179	3.80491	395.822	867	5  	115.092
265	895   	185.915	200	179	4.0142 	392.586	711	1  	117.267
266	895   	185.685	202	181	3.92604	389.788	715	5  	109.738
267	901   	185.814	204	181	3.89479	394.504	685	5  	106.547
268	920   	185.926	206	180	4.1541 	381.722	703	1  	116.318
269	910   	185.888	203	180	3.86619	378.864	715	5  	109.42 
270	898   	185.983	205	180	4.08494	379.728	729	1  	119.823
271	897   	185.697	203	180	3.89322	397.816	687	5  	112.832
272	896   	185.867	203	181	4.02608	397.138	677	1  	114.329
273	882   	185.574	204	181	3.68273	407.986	673	5  	108.512
274	877   	185.578	203	181	3.76429	404.532	719	3  	114.301
275	915   	185.598	204	180	3.80741	410.836	743	1  	111.933
276	883   	185.696	203	180	3.87809	404.218	681	5  	116.728
277	915   	185.808	203	180	3.96171	401.83 	797	3  	118.16 
278	889   	185.712	205	180	3.99237	394.546	795	1  	114.185
279	907   	185.873	204	180	4.14353	389.746	825	5  	111.22 
280	884   	185.772	204	180	3.99375	396.19 	725	1  	104.733
281	914   	185.807	203	180	3.97011	395.576	781	1  	119.4  
282	913   	185.885	202	180	3.86002	396.036	817	3  	123.738
283	918   	185.965	202	179	3.93367	385.878	823	1  	119.651
284	892   	185.947	202	181	3.99427	380.206	723	3  	114.637
285	913   	185.772	203	181	3.77704	374.474	693	1  	113.778
286	904   	185.806	202	180	3.84816	368.636	683	1  	110.338
287	896   	185.755	205	181	3.87621	369.356	679	1  	108.529
288	917   	186.019	206	181	4.12779	368.906	645	3  	107.473
289	906   	185.798	206	181	4.01088	363.99 	687	3  	110.691
290	909   	186.213	204	180	4.31574	355.734	691	1  	114.594
291	888   	186.023	204	177	4.191  	352.75 	683	3  	108.231
292	900   	186.105	204	176	4.14608	347.114	685	5  	103.27 
293	891   	186.056	204	175	4.19438	344.018	661	3  	101.986
294	875   	185.839	204	172	4.42776	342.724	609	1  	112.552
295	906   	185.789	204	167	4.64591	364.224	661	3  	106.182
296	890   	185.37 	204	166	5.42099	389.674	621	1  	102.701
297	895   	185.255	203	165	6.49815	420.494	677	1  	89.9365
298	897   	185.091	204	165	7.53583	437.23 	677	3  	79.2477
299	885   	184.31 	205	166	7.49492	445.512	715	1  	90.5775
300	886   	184.433	201	163	7.71709	446.612	729	5  	87.996 
301	889   	183.684	202	163	7.37185	442.572	739	3  	87.4153
302	900   	184.194	201	168	7.35244	442.006	733	3  	80.0567
303	903   	184.099	203	162	7.53931	444.464	715	1  	83.0147
304	898   	183.531	204	159	7.73893	443.918	713	5  	86.5248
305	896   	183.159	204	159	7.7066 	431.818	705	1  	98.6866
306	899   	182.065	204	154	8.08435	420.554	729	5  	114.732
307	889   	180.902	204	154	8.16605	410.362	703	3  	123.527
308	902   	179.705	204	157	7.97797	395.714	705	5  	133.613
309	885   	179.522	202	160	7.85083	399.634	783	1  	135.618
310	893   	178.982	205	154	7.98284	394.6  	771	3  	144.272
311	888   	178.372	205	154	8.26799	390.266	685	3  	141.499
312	886   	177.645	203	154	8.8603 	370.564	737	3  	145.744
313	902   	177.073	204	153	9.42378	374.656	763	3  	144.075
314	900   	175.574	203	151	9.96757	379.556	699	1  	134.594
315	891   	173.693	207	151	9.45647	402.468	647	5  	121.187
316	910   	173.615	204	151	9.27366	425.992	677	5  	110.764
317	918   	173.191	204	151	9.08815	431.716	727	5  	100.194
318	896   	172.508	203	151	8.48021	444.804	669	1  	85.5505
319	883   	172.215	201	151	8.54967	449.23 	667	3  	79.0443
320	910   	172.723	203	150	9.11901	444.754	811	1  	87.065 
321	874   	171.891	205	151	9.09929	450.156	793	5  	87.2799
322	894   	171.991	203	151	9.40228	450.208	723	1  	91.2776
323	896   	171.614	202	146	9.60453	453.188	721	9  	82.608 
324	914   	171.358	204	151	9.94243	449.796	745	1  	97.8428
325	893   	170.71 	204	151	10.0204	459.712	803	7  	89.5782
326	896   	170.434	206	144	10.2431	454.428	735	1  	93.291 
327	888   	170.015	203	144	10.1113	459.456	723	3  	84.5872
328	915   	169.561	205	146	9.9095 	456.09 	815	1  	86.612 
329	894   	170.163	205	149	10.4932	448.104	715	3  	92.3418
330	923   	170.772	204	148	10.1941	455.282	747	3  	102.06 
331	913   	170.224	202	148	9.96633	451.752	745	1  	97.6059
332	907   	170.042	205	148	10.212 	457.546	739	9  	96.3298
333	906   	169.473	202	147	10.1303	454.856	713	3  	100.511
334	897   	169.224	205	147	10.151 	455.918	809	5  	103.732
335	900   	169.904	201	147	10.4936	446.236	809	5  	114.657
336	910   	170.139	202	148	10.2431	451.632	833	3  	116.941
337	889   	169.78 	204	147	10.533 	445.488	773	1  	118.752
338	910   	170.118	204	148	10.3053	458.954	867	3  	109.764
339	899   	169.804	206	146	10.3847	460.668	853	3  	121.977
340	899   	170.115	206	146	10.4967	457.194	841	9  	125.095
341	887   	169.733	203	146	10.5085	447.918	835	1  	127.533
342	894   	169.787	204	146	10.8368	449.396	815	3  	132.804
343	906   	170.269	202	146	10.4916	452.584	859	3  	125.112
344	888   	169.398	204	146	10.3965	456.904	807	1  	129.392
345	898   	169.901	206	146	10.7072	460.572	783	1  	140.73 
346	912   	170.357	203	145	10.3395	462.692	809	5  	137.333
347	879   	169.548	203	145	10.3839	459.844	785	3  	130.562
348	898   	170.17 	201	145	10.2311	450.69 	853	5  	127.612
349	901   	169.758	201	144	10.2638	460.422	813	9  	125.416
350	897   	169.928	206	146	10.3297	456.184	791	1  	125.453
351	901   	170.138	202	146	10.5858	450.722	845	17 	128.737
352	878   	169.838	203	146	10.5469	455.644	861	1  	139.146
353	905   	170.839	202	146	10.5769	457.298	941	3  	135.795
354	888   	169.549	204	146	10.426 	461.544	857	5  	136.444
355	906   	170.051	205	143	10.5573	448.92 	915	1  	148.406
356	914   	170.392	204	143	10.6462	454.582	855	5  	147.791
357	900   	170.533	205	143	10.9212	459.114	843	1  	151.398
358	894   	170.079	204	148	10.2143	469.578	877	3  	155.316
359	896   	169.826	203	145	10.5165	477.628	911	1  	158.785
360	905   	170.245	206	145	10.5523	490.324	1005	5  	163.228
361	902   	170.113	203	145	10.2762	477.852	895 	3  	161.393
362	907   	169.809	204	145	10.0065	475.314	1011	1  	159.072
363	913   	170.035	204	145	10.4868	468.78 	1049	1  	163.375
364	884   	169.446	206	145	10.7918	481.81 	1015	1  	136.776
365	915   	167.981	205	136	11.4757	496.934	887 	3  	137.407
366	917   	163.503	205	136	11.5952	505.94 	991 	3  	120.409
367	907   	161.154	204	142	12.0281	501.33 	837 	5  	92.0032
368	896   	160.33 	203	141	11.9995	501.436	717 	13 	89.5629
369	914   	160.168	202	142	11.819 	494.314	767 	5  	96.3273
370	880   	159.852	204	142	12.2768	490.262	779 	7  	98.0334
371	908   	160.677	203	142	12.1893	486.374	931 	1  	100.665
372	888   	159.932	199	142	11.5901	491.054	745 	1  	108.844
373	891   	159.891	203	142	11.7469	498.464	791 	7  	104.865
374	895   	159.709	204	137	11.8241	487.724	825 	3  	108.515
375	893   	159.504	204	143	11.5158	483.882	825 	1  	116.827
376	884   	159.748	206	143	11.9455	484.868	881 	5  	121.48 
377	901   	159.825	200	143	11.6502	487.718	829 	5  	120.616
378	897   	159.763	204	138	11.7349	491.184	801 	3  	123.037
379	902   	160.402	203	140	12.3405	497.418	745 	1  	119.39 
380	901   	159.811	204	142	11.8906	495.578	823 	1  	122.28 
381	911   	159.952	204	141	11.9009	505.816	829 	3  	128.852
382	899   	159.394	205	140	11.4376	520.594	827 	7  	125.425
383	908   	160.434	203	140	12.1374	525.146	845 	1  	127.961
384	902   	159.925	203	141	11.5999	515.064	835 	5  	135.433
385	880   	160.016	202	141	12.1526	513.036	847 	5  	143.824
386	910   	160.012	202	141	11.8118	510.52 	825 	5  	155.497
387	906   	160.393	205	141	12.2296	499.196	761 	1  	150.374
388	868   	159.444	207	141	12.1547	509.612	789 	5  	155.505
389	923   	159.831	202	140	11.529 	516.28 	849 	7  	157.328
390	920   	160.105	204	140	12.1153	491.624	867 	1  	165.098
391	916   	160.565	203	139	12.3413	495.854	805 	5  	166.868
392	914   	159.586	200	139	11.5525	500.154	867 	7  	162.714
393	896   	159.787	208	140	12.0238	505.656	853 	1  	163.049
394	882   	160.054	203	141	12.1005	519.232	897 	7  	160.906
395	890   	159.255	205	141	11.4822	529.774	949 	1  	163.726
396	884   	159.727	204	141	12.1722	529.26 	875 	7  	164.572
397	910   	159.539	204	142	11.7022	540.678	943 	1  	171.427
398	898   	159.994	204	142	11.6467	541.27 	895 	7  	169.767
399	879   	159.207	202	142	11.0409	545.136	883 	7  	166.979
400	908   	159.714	205	141	11.4692	538.892	895 	41 	158.989
401	914   	160.007	204	138	11.8127	513.936	999 	1  	162.114
402	897   	160.313	204	138	12.2449	522.866	1107	5  	162.434
403	900   	159.929	202	138	12.0772	538.81 	1109	5  	155.353
404	890   	159.484	201	138	11.3843	529.524	1113	3  	151.133
405	895   	159.67 	205	138	11.6405	537.366	1057	5  	146.914
406	892   	159.679	206	142	12.0598	538.618	1087	5  	158.245
407	900   	159.344	205	141	11.3798	538.928	1105	5  	163.635
408	901   	160.044	206	141	11.8432	558.986	1131	9  	165.156
409	898   	159.144	201	141	11.2531	560.468	1211	3  	152.164
410	892   	158.932	206	142	10.7695	574.682	1103	1  	148.676
411	896   	159.325	204	137	11.1428	561.528	1127	1  	147.589
412	888   	159.239	201	137	11.644 	556.106	1117	5  	146.232
413	905   	159.441	204	137	11.4005	555.966	1087	5  	151.554
414	895   	159.673	204	143	11.5633	543.226	921 	1  	157.588
415	902   	160.106	203	141	11.9125	546.154	883 	3  	151.479
416	903   	159.438	204	141	11.5585	541.048	951 	3  	153.319
417	894   	159.406	205	141	11.6926	543.554	941 	7  	159.348
418	888   	159.16 	203	141	11.5976	564.416	917 	3  	155.742
419	903   	159.655	205	141	11.449 	572.644	961 	3  	148.066
420	904   	159.526	204	141	10.9634	571.448	959 	5  	143.677
421	904   	160.268	202	140	12.2152	548.02 	985 	5  	149.554
422	895   	159.698	202	139	11.6369	549.368	1005	5  	153.482
423	889   	159.579	204	138	11.6918	548.502	1009	9  	148.586
424	900   	159.46 	205	140	11.567 	532.646	999 	11 	142.772
425	906   	159.312	202	140	11.5977	534.002	875 	5  	142.06 
426	895   	159.3  	203	139	11.3692	534.964	923 	7  	145.57 
427	900   	160.192	202	140	12.0045	530.586	953 	5  	150.924
428	897   	159.177	203	142	11.1204	537.622	961 	9  	152.15 
429	900   	159.621	203	141	11.3821	549.316	1053	1  	159.213
430	902   	159.847	204	141	11.7171	552.752	1095	1  	169.706
431	876   	159.902	203	143	11.8746	543.434	1199	7  	167.923
432	904   	160.166	206	140	12.081 	552.568	1059	5  	160.491
433	902   	160.456	205	140	11.9088	551.718	923 	7  	156.105
434	894   	159.319	205	140	11.7065	553.502	927 	3  	160.156
435	901   	159.597	203	140	11.5961	559.744	937 	5  	159.442
436	913   	159.16 	203	140	11.1774	570.372	1013	5  	162.309
437	897   	159.836	203	140	11.5232	560.952	1013	1  	161.327
438	911   	159.489	203	142	11.1195	571.132	1007	5  	163.203
439	908   	159.598	203	137	11.0395	570.456	1045	5  	162.931
440	899   	159.702	204	142	11.537 	580.282	1009	3  	163.179
441	906   	159.782	204	135	11.5158	573.996	1043	1  	172.629
442	903   	159.565	204	141	11.7585	573.314	971 	7  	172.081
443	897   	159.513	204	141	11.4901	571.15 	955 	5  	181.079
444	911   	159.466	202	143	11.1783	568.872	965 	5  	177.444
445	894   	159.423	202	137	11.1228	564.444	1043	7  	180.137
446	902   	160.183	201	143	11.6104	557.71 	1043	7  	181.027
447	893   	159.347	205	143	11.3023	554.982	953 	7  	182.936
448	904   	159.614	204	143	11.275 	579.224	985 	3  	178.637
449	917   	160.077	201	142	11.6224	587.014	1069	7  	182.597
450	901   	159.892	207	142	11.4539	591.234	1105	5  	177.858
451	898   	159.435	201	139	11.5143	595.496	1045	5  	172.671
452	896   	160.172	204	142	12.0775	584.672	1111	3  	177.701
453	898   	159.781	206	143	11.4983	613.376	1137	7  	178.423
454	905   	159.222	205	141	10.7594	615.158	1141	7  	177.191
455	905   	158.993	206	143	10.5343	598.834	1061	7  	178.103
456	890   	159.32 	206	141	11.6651	597.56 	1039	5  	188.823
457	905   	159.143	202	139	10.9116	597.662	1125	7  	188.103
458	865   	158.643	206	139	10.76  	603.572	1113	5  	199.614
459	914   	159.495	205	143	11.5907	590.388	1059	1  	199.586
460	917   	159.642	202	142	11.0812	588.896	1071	7  	194.593
461	893   	159.153	202	141	11.1254	572.522	1047	7  	192.585
462	891   	159.482	206	141	11.3774	576.424	1045	7  	184.744
463	905   	159.719	205	141	11.7555	572.88 	1009	7  	178.135
464	897   	159.248	204	141	11.29  	575.05 	1009	1  	166.053
465	902   	159.453	202	140	11.6875	582.834	1039	1  	161.109
466	905   	159.707	202	140	11.6367	584.61 	1133	5  	157.233
467	891   	159.294	203	140	11.499 	590.19 	1085	1  	173.653
468	921   	159.576	205	141	11.3472	599.032	1113	7  	180.059
469	903   	158.788	205	140	10.2517	607.79 	1111	3  	173.247
470	894   	159.2  	203	139	11.3432	599.622	1089	3  	183.879
471	900   	158.494	203	142	10.3015	594.792	1119	5  	185.693
472	888   	159.106	203	141	10.5193	610.088	1139	11 	189.899
473	908   	158.953	203	139	10.9371	611.008	1051	5  	205.783
474	896   	158.507	202	141	10.5855	644.722	1059	7  	212.026
475	883   	159.401	205	141	11.6429	618.688	1059	1  	219.427
476	902   	159.455	204	139	11.5245	619.758	1109	1  	219.826
477	898   	159.472	201	137	11.3745	624.62 	1065	5  	221.813
478	910   	159.201	202	142	11.1984	635.686	1067	7  	217.809
479	892   	158.579	203	143	10.4298	653.978	1091	5  	212.105
480	906   	159.411	204	143	11.228 	624.838	1033	9  	207.273
481	890   	158.828	204	142	10.5676	616.328	1163	165	205.206
482	894   	159.605	202	142	11.2755	616.2  	1163	1  	210.325
483	903   	159.047	203	143	10.7287	616.798	1095	1  	205.877
484	895   	159.616	204	139	11.4847	611.868	1091	1  	198.651
485	888   	158.526	204	139	10.4978	609.14 	1101	7  	191.989
486	909   	159.164	203	139	11.148 	614.138	1099	5  	190.248
487	885   	159.156	206	139	11.5932	611.686	1109	5  	199.196
488	878   	159.702	199	139	11.7553	628.456	1181	7  	207.679
489	887   	158.428	206	139	10.6199	638.744	1075	5  	202.649
490	902   	159.331	204	139	11.0884	646.208	1095	1  	206.868
491	895   	158.844	203	141	10.7171	648.744	1097	3  	200.922
492	914   	159.144	202	142	10.5664	628.044	1101	7  	202.168
493	899   	159.338	206	142	11.1321	643.31 	1091	5  	201.045
494	892   	159.067	203	138	11.315 	624.438	1131	5  	199.656
495	896   	158.975	204	138	11.2642	605.726	1049	7  	198.333
496	920   	159.891	203	138	11.1688	616.652	1101	5  	196.797
497	911   	159.443	203	138	11.5887	619.784	1057	7  	193.074
498	909   	159.362	206	138	11.088 	631.278	1117	1  	198.153
499	908   	159.59 	203	138	11.5215	627.748	1177	7  	199.676
500	896   	159.571	205	141	11.468 	609.964	1055	1  	199.346

