   	      	           fitness            	              size             
   	      	------------------------------	-------------------------------
gen	nevals	avg    	max	min	std   	avg    	max	min	std    
0  	5000  	194.149	208	183	4.6418	40.2184	127	3  	42.7807
1  	4513  	193.045	208	183	4.60009	53.9112	281	1  	50.6498
2  	4524  	192.853	207	183	4.70886	64.856 	377	1  	55.5702
3  	4438  	192.526	208	181	4.87546	77.3912	433	1  	61.8257
4  	4501  	192.258	207	181	5.00676	87.8936	459	1  	63.942 
5  	4466  	191.551	208	182	5.16831	101.732	501	1  	66.3761
6  	4454  	190.633	208	181	5.31283	119.063	473	1  	70.0053
7  	4460  	189.704	207	181	5.44662	133.822	495	1  	74.4268
8  	4522  	189.026	207	181	5.27294	149.734	523	1  	79.6634
9  	4519  	188.453	207	181	5.17071	159.552	523	1  	84.1284
10 	4500  	188.209	208	181	5.22763	172.42 	559	1  	87.6926
11 	4500  	188.064	207	181	5.28989	188.294	593	1  	94.6121
12 	4484  	187.819	207	180	5.35397	201.747	857	1  	97.2769
13 	4552  	187.646	208	180	5.45359	218.034	857	1  	100.291
14 	4527  	187.482	207	180	5.67747	233.272	725	1  	101.998
15 	4473  	187.173	207	179	5.87028	242.111	719	1  	99.3046
16 	4427  	187.203	207	178	6.25529	247.332	721	1  	98.5886
17 	4513  	187.328	207	178	6.4711 	251.45 	669	1  	97.6176
18 	4502  	187.313	207	179	6.64063	251.88 	677	1  	96.2524
19 	4503  	187.061	207	179	6.51613	254.109	695	1  	95.3428
20 	4477  	187.199	207	179	6.72363	255.142	659	1  	96.5959
21 	4492  	187.353	208	179	6.94513	253.703	699	1  	96.5767
22 	4503  	187.315	208	179	6.95986	258.312	705	1  	97.0524
23 	4471  	187.325	208	179	6.96404	261.282	603	1  	97.294 
24 	4464  	187.319	207	179	6.99478	264.378	647	1  	100.657
25 	4459  	187.44 	208	179	7.09766	269.479	607	1  	104.839
26 	4488  	187.26 	208	179	6.98201	278.406	681	1  	106.918
27 	4536  	187.406	208	179	7.07197	282.516	749	1  	111.674
28 	4509  	187.236	208	179	6.92269	282.16 	759	1  	111.92 
29 	4473  	187.403	208	179	7.0966 	284.81 	765	1  	111.511
30 	4464  	187.327	207	179	6.95331	290.867	787	1  	113.835
31 	4508  	187.207	208	179	6.88413	293.472	767	1  	114.795
32 	4483  	187.152	207	179	6.82951	297.982	761	1  	116.03 
33 	4476  	187.346	207	179	6.99521	302.303	763	1  	117.319
34 	4488  	187.147	208	179	6.91934	306.813	769	1  	118.047
35 	4518  	187.21 	208	179	6.89148	314.432	773	1  	120.101
36 	4482  	187.302	208	178	7.02203	316.432	829	1  	125.675
37 	4500  	187.336	208	178	7.08284	319.033	783	1  	128.291
38 	4451  	187.15 	208	178	6.96914	331.446	873	1  	136.016
39 	4492  	187.086	207	178	6.93103	333.314	849	1  	132.668
40 	4538  	187.337	208	178	7.09247	334.143	895	1  	134.77 
41 	4518  	187.264	207	178	7.03053	330.62 	843	1  	134.635
42 	4527  	187.283	208	178	6.95   	335.092	911	1  	134.187
43 	4510  	187.231	208	178	6.9482 	339.271	843	1  	135.294
44 	4483  	187.259	208	178	7.13053	339.318	831	1  	133.113
45 	4479  	187.045	207	178	6.81608	342.652	805	1  	136.592
46 	4505  	187.306	208	178	7.04198	347.274	821	3  	138.748
47 	4516  	187.186	207	179	6.95771	350.819	817	1  	138.479
48 	4512  	187.225	208	179	7.01773	358.714	891	1  	142.42 
49 	4514  	187.177	208	179	6.93598	357.23 	821	1  	144.824
50 	4504  	187.283	207	179	6.98382	353.949	847	3  	142.603
51 	4497  	187.294	208	179	7.0036 	357.024	947	1  	146.204
52 	4518  	187.159	208	179	6.93404	358.584	885	1  	141.66 
53 	4494  	187.072	207	178	6.86562	359.139	887	1  	138.843
54 	4500  	187.323	207	178	6.99924	365.743	901	1  	140.024
55 	4499  	187.179	208	178	6.89576	372.299	895	1  	141.26 
56 	4458  	186.946	208	178	6.81054	377.715	941	3  	141.961
57 	4460  	187.055	208	179	6.90266	382.604	957	3  	140.306
58 	4441  	187.189	208	179	7.01497	386.691	1081	1  	140.54 
59 	4502  	187.021	207	178	6.84467	394.664	969 	1  	148.125
60 	4464  	187.257	208	178	7.08667	401.377	987 	1  	147.466
61 	4536  	187.029	208	178	6.81077	404.311	973 	1  	146.756
62 	4540  	187.172	207	178	6.98494	413.583	937 	1  	147.499
63 	4516  	186.981	208	178	6.86933	411.244	947 	3  	149.351
64 	4505  	186.928	207	178	6.78556	406.592	1063	1  	152.16 
65 	4467  	187.179	207	178	7.00471	398.638	1069	1  	148.967
66 	4488  	187.105	208	178	6.94887	399.413	1067	1  	147.186
67 	4496  	187.106	208	178	6.99895	399.356	1067	1  	148.252
68 	4509  	187.018	208	178	6.90283	392.391	1107	1  	146.045
69 	4545  	187.05 	208	178	6.81829	386.984	1087	1  	147.615
70 	4515  	187.027	208	179	6.87576	391.871	1075	1  	145.503
71 	4530  	186.911	208	178	6.85953	393.491	1035	1  	142.943
72 	4497  	187.095	208	179	6.94069	397.188	1053	1  	146.623
73 	4455  	187.106	208	178	6.97032	399.491	993 	1  	147.175
74 	4487  	186.991	208	179	6.90362	400.375	1005	7  	148.289
75 	4522  	186.898	208	179	6.8701 	401.681	1009	1  	148.781
76 	4504  	187.081	208	178	6.96535	404.015	1015	11 	145.702
77 	4477  	186.984	208	178	6.9098 	406.012	999 	1  	141.494
78 	4531  	187.11 	208	179	6.97259	408.863	985 	1  	142.421
79 	4539  	187.024	208	178	6.97017	412.216	1003	3  	136.087
80 	4524  	186.922	208	179	6.83923	412.918	955 	1  	133.838
81 	4490  	187.173	208	179	7.08136	410.914	931 	1  	133.923
82 	4526  	187.103	208	178	7.08739	416.668	939 	1  	134.024
83 	4515  	187.067	208	179	7.01031	416.11 	945 	1  	132.887
84 	4532  	186.987	208	179	7.00771	417.187	901 	1  	128.744
85 	4525  	187.106	208	179	7.08261	420.412	949 	1  	130.663
86 	4473  	186.942	208	179	6.9548 	423.576	1073	1  	133.614
87 	4492  	186.99 	208	179	7.01518	424.423	967 	1  	133.597
88 	4495  	186.864	208	179	6.93211	423.95 	867 	1  	131.398
89 	4506  	186.836	208	178	6.94681	425.914	859 	1  	126.6  
90 	4521  	187.075	208	178	7.08831	427.118	847 	1  	133.278
91 	4528  	187.151	208	178	7.15252	430.173	877 	3  	136.218
92 	4493  	187.066	208	178	7.04593	426.612	895 	1  	139.815
93 	4464  	187.011	208	178	7.07472	431.643	891 	1  	140.868
94 	4472  	186.954	208	178	7.04885	430.508	915 	1  	141.936
95 	4501  	186.906	208	178	6.95338	425.372	957 	1  	143.189
96 	4508  	187.037	208	178	7.12959	428.487	969 	1  	142.492
97 	4432  	186.818	208	178	6.97147	426.473	931 	1  	143.346
98 	4483  	186.977	208	178	7.04434	429.149	923 	3  	140.969
99 	4492  	186.977	208	179	7.06867	425.968	929 	5  	138.148
100	4491  	186.967	208	179	7.03903	429.328	991 	9  	138.947
101	4486  	186.873	208	178	6.89215	430.442	989 	1  	136.958
102	4501  	186.927	208	178	7.05292	423.662	1053	1  	138.854
103	4524  	186.933	208	179	6.97093	426.222	1013	1  	139.05 
104	4469  	186.846	208	179	7.0144 	428.372	1065	7  	142.987
105	4482  	186.822	208	178	6.93295	427.586	1019	1  	148.732
106	4523  	186.973	208	178	7.06275	429.71 	953 	1  	149.045
107	4518  	186.929	208	178	7.08401	427.344	977 	3  	144.776
108	4493  	186.788	208	178	6.98892	422.617	963 	1  	146.02 
109	4528  	187.175	208	178	7.18872	420.776	1069	1  	151.777
110	4539  	186.851	208	178	6.96088	427.702	1105	1  	148.471
111	4530  	186.773	208	178	6.87692	429.098	919 	1  	147.128
112	4474  	186.804	208	178	7.00457	427.85 	1017	1  	146.703
113	4480  	187.032	208	178	7.1886 	423.698	939 	1  	145.818
114	4469  	186.796	208	178	6.96125	415.367	1025	1  	144.89 
115	4490  	186.873	208	178	7.0494 	411.952	939 	1  	144.179
116	4519  	186.946	208	178	7.06461	411.722	999 	1  	146.313
117	4537  	187.099	208	178	7.13815	416.156	943 	1  	148.731
118	4472  	186.932	208	179	7.07185	418.627	985 	1  	150.176
119	4516  	186.977	208	179	7.04909	413.173	969 	1  	149.304
120	4495  	187.001	208	179	7.08576	412.54 	1033	1  	149.076
121	4559  	186.94 	208	179	7.09287	413.782	1009	1  	146.975
122	4498  	186.997	208	179	7.10884	408.972	1003	1  	149.675
123	4486  	186.797	208	179	6.93236	406.516	1001	1  	144.893
124	4502  	186.851	208	179	6.92731	408.757	949 	1  	148.685
125	4523  	186.9  	208	179	7.04863	412.159	973 	7  	152.839
126	4477  	186.863	208	179	7.04333	407.854	947 	3  	151.118
127	4512  	186.745	208	179	6.88265	398.545	943 	1  	154.515
128	4519  	187.006	208	178	7.13602	401.307	933 	7  	156.2  
129	4529  	186.842	208	179	6.93707	401.217	939 	1  	155.043
130	4460  	186.798	207	179	6.98243	400.544	977 	1  	152.895
131	4522  	186.866	208	179	7.03401	400.21 	977 	1  	156.097
132	4483  	186.829	208	179	7.00462	396.52 	959 	1  	154.18 
133	4459  	186.667	208	179	6.89921	392.948	921 	1  	154.046
134	4497  	186.875	208	179	7.03828	391.254	955 	1  	156.513
135	4483  	187.014	208	179	7.12381	387.496	991 	1  	160.539
136	4509  	186.935	208	178	7.06909	389.622	965 	1  	159.778
137	4492  	186.91 	208	179	7.0069 	385.637	989 	1  	153.005
138	4514  	186.981	208	179	7.09224	377.992	1011	1  	153.56 
139	4545  	187.089	208	178	7.18508	377.036	1069	1  	149.71 
140	4517  	186.894	208	179	7.05703	380.06 	1091	3  	151.04 
141	4492  	186.893	208	178	7.04392	374.188	1083	3  	152.098
142	4503  	186.975	208	179	7.08678	373.248	1083	1  	152.002
143	4509  	186.827	208	179	6.98449	378.42 	1095	1  	155.8  
144	4487  	187.006	208	179	7.06406	377.609	1063	1  	159.765
145	4502  	186.895	208	179	7.03885	380.909	1055	1  	157.405
146	4527  	186.998	208	179	7.10527	379.57 	1055	1  	160.556
147	4439  	186.831	208	178	7.03599	370.554	1055	1  	160.057
148	4475  	186.938	207	179	7.11024	366.083	1241	1  	157.532
149	4504  	186.906	208	179	7.00893	364.096	1013	1  	156.304
150	4580  	187.17 	208	178	7.25995	370.54 	1069	3  	160.506
151	4475  	187.121	208	179	7.24386	373.473	1071	1  	160.93 
152	4476  	186.965	208	179	7.07688	365.291	1075	1  	161.92 
153	4457  	186.859	208	179	6.98236	361.157	1075	1  	163.008
154	4506  	186.926	208	178	7.04231	365.115	1165	1  	161.603
155	4489  	186.867	208	178	6.95484	371.388	1165	1  	167.482
156	4531  	187.06 	207	179	7.1888 	383.301	1153	1  	167.415
157	4440  	186.927	208	179	7.11   	381.802	1191	1  	170.281
158	4472  	186.746	208	179	6.98088	390.329	1197	1  	172.185
159	4491  	186.995	208	178	7.13414	387.493	1277	1  	172.345
160	4450  	186.869	208	178	7.06661	390.049	1185	1  	170.891
161	4513  	186.833	207	177	7.0188 	387.403	1191	1  	172.584
162	4528  	186.762	208	177	7.00145	387.661	1277	3  	173.701
163	4450  	186.911	208	177	7.159  	388.86 	1247	1  	176.952
164	4524  	186.811	208	177	7.0154 	396.382	1267	1  	183.592
165	4512  	186.989	208	178	7.18697	396.907	1389	5  	184.808
166	4506  	186.781	208	178	6.97356	396.379	1313	1  	191.041
167	4477  	186.879	208	178	7.14677	401.308	1313	11 	192.965
168	4513  	186.964	208	178	7.1174 	399.738	1335	1  	203.693
169	4499  	186.952	208	178	7.0523 	398.754	1341	1  	201.643
170	4502  	186.906	208	178	7.08389	411.864	1315	1  	200.079
171	4472  	186.851	208	178	7.10882	407.308	1275	1  	197.11 
172	4516  	186.961	208	178	7.1699 	421.255	1205	1  	196.487
173	4499  	186.944	208	178	7.16535	420.974	1235	1  	196.999
174	4523  	186.9  	208	178	7.13736	428.977	1201	1  	199.985
175	4507  	186.864	208	178	7.04763	420.332	1165	1  	197.047
176	4532  	186.922	208	178	7.12605	415.685	1109	1  	196.687
177	4547  	186.846	208	178	7.07606	419.168	1103	1  	199.248
178	4517  	186.971	208	178	7.22973	423.716	1183	1  	198.244
179	4496  	186.94 	208	178	7.18006	426.363	1183	1  	201.503
180	4548  	186.967	208	178	7.10379	427.346	1225	1  	203.747
181	4467  	186.717	208	178	6.90929	437.493	1311	1  	203.014
182	4484  	186.927	208	178	7.12602	441.347	1143	1  	204.294
183	4489  	186.815	208	178	6.98853	442.625	1269	1  	209.419
184	4517  	186.968	208	178	7.13823	433.527	1273	1  	208.274
185	4447  	186.751	208	178	6.99091	429.252	1181	3  	208.644
186	4547  	186.848	208	179	7.04717	428.892	1211	1  	209.49 
187	4506  	186.688	208	179	6.88227	434.722	1175	1  	204.61 
188	4477  	186.971	208	179	7.20526	439.525	1209	1  	210.366
189	4452  	187.078	208	179	7.23941	435.047	1269	1  	212.664
190	4495  	186.869	208	178	7.08489	437.736	1211	1  	210.803
191	4487  	186.868	208	178	7.04587	435.03 	1133	1  	204.941
192	4497  	186.813	208	178	7.02359	430.902	1151	1  	204.464
193	4497  	186.936	208	178	7.05829	438.623	1149	1  	209.611
194	4481  	186.712	208	178	6.95988	442.56 	1171	1  	208.75 
195	4502  	186.932	208	179	7.15319	452.327	1239	1  	212.299
196	4460  	186.79 	208	179	7.01765	450.812	1195	1  	213.841
197	4517  	186.742	208	178	6.98482	446.801	1197	3  	211.988
198	4495  	186.78 	208	178	7.00838	441.884	1173	1  	208.66 
199	4494  	186.878	208	178	7.05057	446.492	1181	1  	207.972
200	4485  	186.877	208	178	7.04182	450.208	1199	1  	206.348
201	4480  	186.796	208	179	7.07922	452.572	1343	1  	209.64 
202	4477  	186.931	208	179	7.09066	454.45 	1225	1  	206.616
203	4487  	186.94 	208	179	7.14117	451.034	1199	1  	204.54 
204	4566  	186.845	208	179	7.01274	460.748	1213	7  	209.571
205	4506  	187.035	208	179	7.2319 	467.375	1227	1  	211.527
206	4484  	186.975	208	179	7.17962	463.234	1337	1  	208.849
207	4490  	186.807	208	179	7.04218	467.58 	1337	1  	204.15 
208	4498  	186.671	208	179	6.93957	473.205	1311	1  	202.291
209	4530  	187.019	208	179	7.19918	473.839	1199	1  	205.083
210	4452  	186.909	208	178	7.07573	474.48 	1139	1  	201.213
211	4506  	186.807	208	178	7.01936	476.954	1181	1  	201.749
212	4478  	186.61 	208	178	6.86456	476.76 	1155	1  	204.369
213	4485  	186.594	208	178	6.86941	476.402	1107	1  	200.574
214	4502  	186.628	208	178	6.9474 	473.695	1197	1  	191.533
215	4456  	186.634	208	178	6.94263	469.198	1101	1  	185.815
216	4522  	186.786	208	178	7.04267	464.089	1199	1  	186.66 
217	4514  	186.866	208	179	7.08038	463.155	1203	1  	185.502
218	4498  	186.767	208	178	7.0882 	459.11 	1095	1  	189.188
219	4514  	186.91 	208	178	7.09505	457.666	1123	1  	191.12 
220	4524  	186.778	208	179	7.07783	455.219	1199	1  	186.5  
221	4500  	186.832	208	179	7.10846	455.718	1115	1  	182.999
222	4516  	187.014	208	179	7.18079	443.996	1119	7  	181.32 
223	4508  	186.85 	208	179	7.10545	441.422	1111	5  	176.445
224	4532  	186.886	208	179	7.0294 	436.008	1063	1  	177.715
225	4478  	186.821	208	179	7.05943	432.921	1011	1  	178.31 
226	4497  	186.718	208	179	6.98315	437.645	1051	1  	172.068
227	4520  	186.947	208	179	7.15506	439.212	1025	7  	176.529
228	4524  	187    	208	179	7.14445	442.588	1067	1  	183.183
229	4533  	186.896	208	179	7.0565 	445.922	1065	5  	182.571
230	4522  	186.958	208	179	7.10508	448.537	1063	1  	183.997
231	4509  	186.859	208	179	7.05425	453.295	1031	3  	181.752
232	4523  	186.933	208	179	7.04059	455.414	1063	1  	185.741
233	4531  	186.914	208	179	7.0883 	457.328	1169	1  	188.41 
234	4522  	186.68 	208	179	6.89669	455.022	1143	1  	187.962
235	4465  	186.761	208	179	7.02357	456.334	1217	1  	187.898
236	4512  	186.844	207	179	6.97297	454.646	1129	1  	185.679
237	4517  	186.883	208	179	7.04175	448.276	1129	1  	188.733
238	4518  	186.925	208	177	7.07291	451.445	1115	1  	193.025
239	4479  	186.959	208	179	7.20744	459.82 	1145	1  	193.064
240	4489  	186.856	208	178	7.05293	458.483	1199	7  	191.192
241	4550  	186.741	208	178	6.92022	455.57 	1209	1  	191.608
242	4535  	186.886	208	178	7.09183	461.481	1207	1  	196.186
243	4511  	186.889	208	178	7.13452	461.822	1243	1  	195.46 
244	4508  	187.08 	208	178	7.20586	459.86 	1255	1  	198.103
245	4488  	186.868	208	178	7.08279	462.078	1273	3  	197.306
246	4567  	186.871	208	178	7.01938	462.833	1229	1  	196.175
247	4504  	186.858	208	178	7.05838	465.184	1205	1  	196.518
248	4533  	186.735	208	178	6.96019	459.923	1147	1  	190.338
249	4533  	187.045	208	178	7.20999	460.647	1159	3  	191.901
250	4533  	186.975	208	178	7.12776	469.305	1179	1  	191.527
251	4557  	186.864	208	178	6.99663	470.195	1079	1  	190.955
252	4527  	187.027	208	179	7.13358	473.416	1113	1  	191.868
253	4529  	186.95 	208	179	7.11962	466.288	1201	1  	190.727
254	4490  	186.928	208	178	7.15581	467.022	1119	1  	190.077
255	4499  	186.916	208	170	7.12115	470.495	1095	1  	187.969
256	4502  	186.658	208	171	6.96211	472.514	1071	1  	186.574
257	4499  	186.27 	208	169	6.96161	464.983	1069	1  	189.495
258	4469  	185.411	208	168	7.19676	457.652	1053	1  	183.505
259	4534  	183.225	208	167	6.90288	421.742	991 	1  	151.872
260	4513  	181.336	207	167	6.42108	397.357	897 	1  	121.346
261	4545  	181.131	207	167	6.96212	390.205	797 	1  	121.765
262	4556  	179.957	207	167	7.39014	382.52 	799 	1  	122.563
263	4527  	178.148	207	166	8.04439	363.005	785 	3  	123.761
264	4468  	176.493	207	166	8.08005	350.999	773 	1  	119.776
265	4478  	176.084	206	167	8.10864	352.298	769 	1  	123.802
266	4483  	176.075	207	167	8.27217	355.471	773 	1  	124.636
267	4498  	175.689	207	166	8.09982	356.542	797 	1  	124.811
268	4495  	175.663	207	166	8.18772	358.417	835 	1  	126.645
269	4499  	175.622	206	166	8.087  	365.088	805 	1  	129.595
270	4463  	175.674	207	166	8.20518	368.891	871 	1  	125.392
271	4495  	175.668	207	166	8.14718	367.301	853 	1  	126.663
272	4485  	175.797	208	166	8.34248	369.215	803 	1  	128.764
273	4520  	175.689	205	166	8.01945	385.152	849 	1  	128.888
274	4478  	175.464	206	166	7.99814	389.106	973 	1  	132.656
275	4498  	175.234	207	166	7.91961	395.327	969 	1  	131.788
276	4495  	175.316	207	166	7.963  	403.015	865 	1  	131.793
277	4451  	175.217	207	166	7.83434	408.94 	867 	1  	131.326
278	4523  	174.866	206	166	7.69099	411.497	851 	1  	134.786
279	4517  	175.05 	207	166	7.87737	420.224	897 	3  	130.917
280	4487  	175.081	208	166	7.97858	417.795	969 	1  	127.351
281	4522  	174.782	206	165	7.85072	419.201	961 	1  	123.999
282	4496  	174.831	207	164	7.93964	421.62 	961 	1  	121.65 
283	4483  	174.72 	208	164	7.99289	426.957	967 	3  	119.408
284	4478  	174.62 	208	164	7.98769	428.024	893 	15 	118.277
285	4471  	174.558	206	164	7.8631 	425.864	829 	1  	115.466
286	4530  	174.674	205	164	8.00698	433.249	807 	1  	116.784
287	4478  	174.722	206	166	7.97861	438.798	861 	1  	120.482
288	4457  	174.609	207	166	8.08928	440.975	861 	1  	122.527
289	4464  	174.39 	207	166	7.88096	440.475	969 	3  	121.266
290	4516  	174.568	208	165	7.91612	445.212	893 	3  	123.681
291	4476  	174.448	206	165	7.84883	450.483	885 	1  	125.988
292	4489  	174.464	207	165	7.79458	448.895	881 	1  	126.308
293	4490  	174.355	206	165	7.73659	455.795	891 	3  	123.331
294	4480  	174.272	206	165	7.63074	460.788	943 	5  	127.42 
295	4488  	174.586	206	165	7.89393	462.761	895 	3  	126.846
296	4489  	174.486	208	165	7.98935	463.314	933 	5  	129.118
297	4472  	174.402	206	165	7.85344	466.03 	1007	1  	124.217
298	4470  	174.472	205	165	7.90273	465.128	1005	3  	124    
299	4480  	174.346	208	164	7.9037 	463.925	933 	1  	125.34 
300	4493  	174.359	208	164	7.83514	465.01 	909 	1  	125.485
301	4487  	174.368	208	164	7.77478	468.679	933 	1  	129.425
302	4479  	174.44 	208	166	7.79436	471.189	1017	1  	130.64 
303	4472  	174.556	207	165	7.97695	470.975	995 	3  	129.845
304	4526  	174.217	208	166	7.59816	470.77 	1017	1  	132.441
305	4541  	174.671	207	165	8.07495	469.081	1081	1  	131.35 
306	4506  	174.398	207	166	7.84489	472.757	1085	1  	136.103
307	4519  	174.535	206	166	8.04032	479.486	1079	1  	137.843
308	4458  	174.34 	207	166	7.87272	484.796	1091	1  	135.902
309	4502  	174.296	207	165	7.67501	492.043	1137	1  	138.337
310	4497  	174.398	207	165	7.71193	501.884	1097	1  	138.595
311	4529  	174.256	207	165	7.63192	507.548	1195	1  	141.766
312	4496  	174.36 	206	166	7.71471	517.48 	1147	1  	145.231
313	4506  	174.347	207	166	7.78568	513.945	1165	1  	151.43 
314	4476  	174.322	208	166	7.90739	517.735	1187	1  	152.384
315	4442  	174.279	206	166	7.68197	516.007	1187	7  	150.294
316	4540  	174.289	208	164	7.67641	519.56 	1273	1  	158.518
317	4494  	174.252	206	164	7.63377	527.116	1259	7  	159.93 
318	4525  	174.247	206	165	7.52674	528.971	1253	1  	161.819
319	4535  	174.05 	207	166	7.54845	533.054	1227	1  	159.985
320	4466  	174.093	207	165	7.56736	536.995	1285	1  	156.675
321	4517  	174.108	207	166	7.53504	532.866	1233	1  	155.193
322	4510  	174.164	207	166	7.57977	536.847	1249	1  	153.608
323	4469  	173.974	205	166	7.36628	541.424	1317	1  	150.657
324	4498  	173.959	206	166	7.46951	547.221	1227	1  	150.917
325	4493  	174.076	208	166	7.48826	557.5  	1351	3  	146.926
326	4440  	173.871	207	166	7.38987	551.498	1363	1  	146.05 
327	4520  	174.082	208	166	7.56313	554.041	1367	1  	149.133
328	4483  	173.965	208	166	7.42483	559.82 	1359	3  	148.572
329	4479  	173.862	207	164	7.41526	565.786	1345	3  	150.084
330	4540  	174.019	208	165	7.49509	567.223	1241	1  	143.181
331	4460  	173.635	206	165	7.19859	562.925	1371	1  	146.883
332	4489  	173.692	207	166	7.33164	567.536	1385	1  	147.388
333	4508  	173.846	206	166	7.56288	568.994	1385	7  	145.335
334	4488  	173.533	207	165	7.11051	574.246	1381	1  	148.669
335	4489  	173.458	206	166	7.15076	577.467	1351	1  	149.847
336	4505  	173.691	205	166	7.35744	575.093	1089	3  	148.58 
337	4525  	173.575	208	166	7.37187	574.441	1043	1  	150.819
338	4530  	173.437	208	165	7.19575	581.123	1129	1  	150.829
339	4514  	173.178	205	165	6.95515	587.756	1145	1  	151.913
340	4468  	173.293	207	165	7.19979	585.05 	1133	3  	151.046
341	4474  	173.069	207	165	6.86761	590.757	1099	1  	152.336
342	4481  	172.988	208	165	6.91667	589.508	1145	1  	153.414
343	4473  	172.828	206	165	6.79587	591.497	1115	5  	150.649
344	4523  	173.007	208	166	6.98393	597.737	1137	1  	155.374
345	4466  	172.908	206	166	6.93006	594.072	1115	3  	153.204
346	4479  	172.971	208	166	7.06194	593.818	1129	1  	147.778
347	4496  	172.701	208	165	6.58221	600.1  	1165	1  	150.079
348	4490  	172.831	206	165	6.86626	611.736	1185	3  	149.767
349	4489  	172.647	207	166	6.56915	612.905	1243	1  	152.263
350	4490  	172.582	208	165	6.6312 	615.842	1151	1  	142.703
351	4479  	172.636	207	165	6.61963	619.134	1243	1  	147.095
352	4525  	172.643	208	163	6.6916 	618.812	1117	1  	147.699
353	4467  	172.686	207	165	6.73122	617.58 	1151	3  	150.098
354	4489  	172.593	207	166	6.5583 	620.863	1145	1  	147.932
355	4521  	172.541	207	165	6.57981	607.96 	1161	1  	147.316
356	4480  	172.778	208	166	6.9154 	600.209	1159	1  	147.641
357	4502  	172.703	207	166	6.82943	595.316	1199	3  	148.105
358	4481  	172.595	208	165	6.7248 	596.186	1169	1  	145.153
359	4539  	172.565	207	165	6.58451	599.974	1161	1  	145.734
360	4498  	172.345	207	165	6.41427	603.462	1173	1  	144.745
361	4519  	172.533	208	166	6.70789	608.68 	1173	5  	148.246
362	4517  	172.59 	208	165	6.7172 	608.669	1193	1  	149.121
363	4515  	172.452	206	166	6.5258 	608.523	1191	1  	144.091
364	4527  	172.438	208	166	6.53215	609.966	1211	1  	143.583
365	4514  	172.545	208	165	6.76677	603.472	1185	1  	144.545
366	4436  	172.523	208	165	6.71559	600.22 	1185	1  	147.408
367	4482  	172.435	207	165	6.53374	598.78 	1175	17 	147.751
368	4507  	172.381	208	165	6.48943	597.743	1283	1  	147.192
369	4514  	172.475	206	165	6.49031	599.588	1279	5  	145.489
370	4467  	172.28 	206	165	6.34399	600.213	1219	1  	144.845
371	4483  	172.41 	207	165	6.55789	601.322	1219	1  	145.493
372	4494  	172.3  	207	165	6.36454	600.214	1143	1  	146.795
373	4436  	172.427	207	165	6.69515	598.594	1183	1  	146.997
374	4513  	172.465	207	165	6.65958	599.425	1175	7  	147.54 
375	4517  	172.366	207	164	6.52748	599.561	1123	1  	148.518
376	4502  	172.471	208	164	6.62344	606.112	1241	1  	150.138
377	4505  	172.379	205	164	6.38503	605.495	1051	1  	147.603
378	4491  	172.314	205	165	6.38291	605.039	1119	7  	150.204
379	4501  	172.33 	207	164	6.47937	610.349	1203	1  	152.706
380	4560  	172.39 	208	165	6.50967	615.982	1203	1  	152.738
381	4528  	172.37 	207	165	6.48073	620.394	1153	31 	153.723
382	4475  	172.347	207	165	6.43381	626.096	1119	3  	151.514
383	4498  	172.365	208	164	6.62209	626.547	1111	1  	153.858
384	4519  	172.337	208	165	6.52395	631.97 	1141	1  	152.086
385	4491  	172.03 	207	165	6.07713	629.447	1221	1  	144.583
386	4502  	172.187	208	165	6.31524	629.075	1119	1  	143.855
387	4514  	172.361	208	165	6.47301	630.562	1115	1  	143.031
388	4472  	172.226	208	165	6.33115	634.657	1119	1  	142.074
389	4489  	172.076	207	165	6.11774	632.306	1215	1  	141.352
390	4475  	172.138	206	165	6.22546	634.731	1231	1  	143.467
391	4520  	172.092	208	165	6.14608	634.107	1211	1  	140.255
392	4527  	172.306	206	165	6.51662	633.224	1215	1  	138.015
393	4494  	172.065	208	161	6.20084	644.167	1233	1  	137.838
394	4489  	172.055	208	158	6.25952	645.684	1177	1  	140.467
395	4501  	171.972	207	149	6.37517	655.18 	1217	1  	139.669
396	4470  	171.622	207	139	6.63542	664.373	1213	1  	130.372
397	4528  	171.303	207	137	7.71216	663.446	1201	15 	109.779
398	4476  	170.953	208	137	8.63932	665.042	1121	1  	88.8484
399	4525  	170.572	208	138	8.73377	664.122	1019	1  	83.8897
400	4495  	170.245	208	101	9.56566	658.23 	969 	1  	82.7906
401	4489  	169.8  	206	122	10.0544	655.098	965 	1  	82.7516
402	4536  	169.109	207	122	11.0108	653.591	1083	1  	83.8441
403	4479  	166.91 	207	98 	12.9006	652.228	1001	3  	84.3244
404	4499  	162.763	208	92 	14.8766	648.118	1025	1  	80.4594
405	4529  	158.906	206	71 	16.6039	642.404	937 	1  	84.3113
406	4498  	155.935	207	74 	17.7468	645.342	969 	1  	81.0165

