   	      	            fitness            	              size             
   	      	-------------------------------	-------------------------------
gen	nevals	avg    	max	min	std    	avg    	max	min	std    
0  	10000 	194.219	208	183	4.48139	27.9544	127	3  	34.5171
1  	8034  	192.612	207	183	4.56908	29.7148	187	3  	34.4626
2  	7954  	192.103	208	181	4.85365	31.7846	189	3  	35.5406
3  	8010  	191.884	207	181	5.10287	33.6184	201	3  	36.2566
4  	7936  	191.737	207	181	5.41757	35.7268	213	3  	38.0658
5  	7924  	191.491	207	181	5.70283	41.6292	213	3  	41.5119
6  	8140  	191.081	207	181	5.95424	48.2134	209	3  	42.8528
7  	7974  	190.018	208	179	6.14809	53.8912	243	3  	41.4804
8  	7940  	189.172	208	179	6.20638	55.2696	279	3  	37.942 
9  	7958  	188.719	207	179	6.30544	53.13  	237	3  	33.1561
10 	7920  	188.386	207	179	6.38112	52.0918	243	3  	30.6717
11 	8006  	188.41 	208	179	6.53708	51.1296	219	3  	29.7956
12 	8030  	188.558	207	179	6.69406	49.649 	233	3  	28.7127
13 	7992  	188.322	207	179	6.73647	48.451 	215	3  	27.5569
14 	7942  	188.223	208	178	6.85988	47.0068	219	3  	25.9757
15 	7982  	188.406	208	178	6.9921 	45.6868	185	3  	24.833 
16 	8040  	188.509	208	178	7.0868 	45.3346	209	3  	24.1143
17 	7944  	188.349	207	178	7.15409	45.4284	183	3  	24.8261
18 	8000  	188.299	207	178	7.18843	45.574 	211	3  	24.7731
19 	7992  	188.41 	208	178	7.30126	45.549 	177	3  	24.5772
20 	8044  	188.395	207	178	7.28389	45.2178	193	3  	24.4948
21 	8058  	188.251	208	178	7.27248	45.5398	221	3  	24.6014
22 	8018  	188.277	208	178	7.3381 	45.8848	195	3  	24.9087
23 	7942  	188.24 	208	178	7.40399	46.2742	215	3  	24.5055
24 	7980  	188.255	208	178	7.49658	46.2194	181	3  	24.2038
25 	7960  	188.053	207	178	7.4565 	45.7736	195	3  	23.3451
26 	8040  	188.214	208	178	7.59737	45.496 	179	3  	22.7569
27 	7986  	188.038	207	178	7.52598	46.0304	177	3  	22.2634
28 	7988  	187.925	207	178	7.53439	47.2184	189	3  	21.9762
29 	8032  	187.959	207	178	7.6346 	48.4042	205	3  	21.6457
30 	8060  	188.076	208	178	7.73147	49.6736	199	3  	21.0085
31 	7958  	187.992	208	178	7.80093	51.0508	171	3  	20.7624
32 	7980  	187.962	207	178	7.77432	51.892 	163	3  	19.48  
33 	7860  	187.675	207	178	7.71029	53.6   	169	3  	19.6654
34 	8036  	187.793	208	178	7.78097	54.6194	193	3  	18.9053
35 	8122  	187.887	207	178	7.76136	55.2822	173	3  	19.2817
36 	8006  	187.83 	207	178	7.75736	55.9638	171	3  	19.2249
37 	7944  	187.762	207	178	7.81901	56.624 	177	3  	19.2855
38 	7926  	187.575	207	178	7.76438	57.1326	189	3  	19.2219
39 	7978  	187.789	207	178	7.87928	57.225 	185	3  	18.872 
40 	7994  	187.723	207	178	7.84453	57.3932	233	3  	18.4854
41 	7990  	187.642	207	178	7.73796	57.6714	219	3  	18.3746
42 	8054  	187.835	207	178	7.84425	57.8988	161	3  	18.7507
43 	7992  	187.709	207	178	7.81952	57.8554	157	3  	18.2601
44 	7968  	187.642	208	178	7.73934	57.8526	167	3  	18.4965
45 	7956  	187.714	207	178	7.80633	57.7964	161	3  	18.2268
46 	7940  	187.748	208	178	7.85264	57.7948	175	3  	18.4605
47 	7986  	187.673	207	178	7.83837	58.1964	149	3  	18.1965
48 	8010  	187.637	207	178	7.79272	58.17  	153	3  	18.0815
49 	7906  	187.519	208	178	7.81995	58.4584	159	3  	18.759 
50 	7932  	187.514	208	178	7.7662 	58.1874	179	3  	19.0414
51 	8000  	187.621	207	178	7.80398	58.5824	187	3  	19.1996
52 	8112  	187.851	207	178	7.80222	58.2002	177	3  	19.0186
53 	7984  	187.74 	207	178	7.79934	58.8974	205	3  	19.471 
54 	8044  	187.726	208	178	7.76345	58.47  	199	3  	19.4164
55 	8016  	187.709	207	178	7.74206	58.548 	199	3  	19.0682
56 	7944  	187.712	207	178	7.77402	58.3476	197	3  	19.1613
57 	7892  	187.644	207	178	7.80935	58.6768	175	3  	19.2269
58 	7976  	187.619	207	178	7.77853	58.3334	175	3  	19.3216
59 	7928  	187.601	208	178	7.82904	58.491 	193	3  	18.9625
60 	8128  	187.747	207	178	7.78109	58.2822	201	3  	18.7923
61 	8076  	187.725	207	178	7.71968	58.2338	183	3  	18.6946
62 	7954  	187.656	207	178	7.78521	58.334 	183	3  	18.864 
63 	8102  	187.797	207	178	7.82494	58.2594	181	3  	18.952 
64 	8032  	187.852	207	178	7.85519	58.497 	161	3  	18.68  
65 	8064  	187.782	208	178	7.75501	58.424 	171	3  	18.8709
66 	8068  	187.73 	207	178	7.74336	58.4242	167	3  	18.8052
67 	7980  	187.673	207	178	7.71484	58.3208	175	3  	18.5321
68 	7970  	187.753	207	178	7.78109	58.1268	175	3  	18.6693
69 	8006  	187.783	207	178	7.84451	57.9062	183	3  	18.1517
70 	7932  	187.66 	207	178	7.79593	57.9314	181	3  	18.1362
71 	8034  	187.555	207	178	7.70986	58.3136	179	3  	18.6582
72 	8016  	187.773	207	178	7.86867	58.295 	185	3  	18.6901
73 	7986  	187.736	208	178	7.86338	58.4046	173	3  	18.2315
74 	7914  	187.556	208	178	7.77647	58.0558	161	3  	18.2648
75 	8000  	187.677	207	178	7.83345	58.365 	179	3  	18.4662
76 	8032  	187.654	207	177	7.7881 	58.3958	193	3  	18.2375
77 	7966  	187.671	207	177	7.78519	58.4702	197	3  	18.5807
78 	8016  	187.729	207	178	7.85176	58.5016	177	3  	18.4055
79 	7986  	187.539	207	178	7.66451	58.4   	169	3  	18.7253
80 	7920  	187.59 	207	178	7.79397	58.1508	183	3  	19.0222
81 	7814  	187.524	207	178	7.81635	58.3712	183	3  	18.7682
82 	8082  	187.76 	207	178	7.83611	58.2538	165	3  	18.7526
83 	8022  	187.812	207	178	7.83487	58.4032	169	3  	19.2821
84 	7962  	187.596	207	178	7.75427	58.3656	169	3  	18.6673
85 	7840  	187.536	208	178	7.8057 	58.2426	159	3  	17.9507
86 	8048  	187.671	207	178	7.77852	57.8884	159	3  	17.9291
87 	7974  	187.605	207	178	7.77258	57.8554	179	3  	18.1308
88 	7966  	187.616	208	178	7.76954	57.9572	183	3  	18.5313
89 	7934  	187.582	207	178	7.77446	57.8414	153	3  	18.4727
90 	7942  	187.599	208	178	7.81275	58.3738	183	3  	18.5619
91 	7988  	187.607	207	178	7.78785	58.4256	155	3  	19.0424
92 	7980  	187.591	208	178	7.7338 	58.3956	181	3  	18.5545
93 	7958  	187.726	207	178	7.88006	58.4066	161	3  	18.6712
94 	7956  	187.638	207	178	7.85494	58.1474	161	3  	17.9756
95 	8082  	187.725	208	178	7.79027	58.0424	167	3  	18.2916
96 	7986  	187.641	208	178	7.78729	58.0604	161	3  	18.1142
97 	7964  	187.751	207	178	7.86484	58.1328	199	3  	18.442 
98 	8014  	187.904	207	178	7.96495	57.751 	197	3  	18.0522
99 	7986  	187.769	207	178	7.81573	57.9332	181	3  	18.5919
100	8022  	187.748	208	178	7.81563	58.2198	157	3  	18.2638
101	7984  	187.623	207	178	7.75077	58.2752	157	3  	18.3619
102	7944  	187.651	207	178	7.80876	58.4928	179	3  	18.7852
103	8060  	187.835	207	178	7.89747	58.2972	169	3  	18.1736
104	7942  	187.615	207	178	7.759  	58.1384	159	3  	18.5381
105	7972  	187.686	207	178	7.78824	58.3384	181	3  	18.8267
106	7900  	187.595	207	178	7.7923 	58.255 	191	3  	18.5002
107	7954  	187.711	207	178	7.84573	58.286 	181	3  	18.2748
108	7992  	187.812	208	178	7.89428	58.4698	163	3  	18.563 
109	7992  	187.538	208	178	7.73322	58.5566	185	3  	18.799 
110	8050  	187.763	208	178	7.88573	58.473 	181	3  	19.1575
111	7942  	187.62 	207	178	7.77859	58.5698	153	3  	19.1793
112	7992  	187.663	208	178	7.81322	58.4448	167	3  	18.8453
113	8078  	187.719	207	178	7.75494	58.1652	169	3  	18.8395
114	8022  	187.587	207	178	7.64445	58.0916	179	3  	19.1489
115	8032  	187.727	207	178	7.78653	58.4012	189	3  	18.9258
116	7956  	187.505	207	178	7.71161	58.173 	193	3  	19.0412
117	8108  	187.88 	208	178	7.82674	58.0844	207	3  	18.6429
118	8084  	187.78 	207	178	7.77451	58.181 	159	3  	18.673 
119	8096  	187.733	208	178	7.69635	58.5424	171	3  	18.8074
120	7984  	187.718	207	178	7.74608	58.4304	173	3  	18.6696
121	8004  	187.692	207	178	7.74553	58.277 	175	3  	18.4381
122	8042  	187.808	207	178	7.76927	58.1896	175	3  	18.7102
123	7998  	187.726	208	178	7.77436	58.2808	159	3  	18.5024
124	8018  	187.735	207	178	7.80187	58.3684	159	3  	18.3415
125	8024  	187.684	207	178	7.77647	58.3644	163	3  	18.2592
126	8000  	187.693	207	178	7.78012	58.416 	165	3  	19.0812
127	8052  	187.851	207	178	7.78518	58.593 	169	3  	19.1131
128	8010  	187.766	207	178	7.78426	58.4388	185	3  	19.2783
129	7996  	187.608	208	178	7.73513	58.7484	179	3  	19.1611
130	7994  	187.661	207	178	7.77298	58.5986	167	3  	19.3365
131	8008  	187.847	208	178	7.84553	58.7156	165	3  	18.9295
132	8026  	187.59 	207	178	7.7172 	58.7152	185	3  	18.9286
133	8066  	187.803	207	178	7.7873 	58.87  	183	3  	19.5932
134	7982  	187.72 	207	178	7.83773	58.5954	177	3  	19.3348
135	8042  	187.821	207	178	7.86509	58.714 	189	3  	19.6436
136	7926  	187.561	207	178	7.76618	58.8228	183	3  	19.0964
137	7988  	187.507	207	178	7.76239	58.7502	169	3  	18.5287
138	7900  	187.539	208	178	7.79051	58.5452	167	3  	18.7656
139	8058  	187.679	208	178	7.83907	58.3414	153	3  	18.631 
140	8008  	187.562	208	178	7.6757 	58.2306	155	3  	18.7012
141	7946  	187.63 	208	178	7.81561	58.1682	171	3  	18.246 
142	7998  	187.699	208	178	7.86213	58.3714	171	3  	18.539 
143	8012  	187.682	207	178	7.81328	58.4522	171	3  	18.6097
144	7970  	187.613	208	178	7.77106	58.3512	177	3  	18.6191
145	7918  	187.499	208	178	7.80053	58.2684	211	3  	18.4936
146	7988  	187.586	207	178	7.77555	57.9984	167	3  	18.4074
147	8042  	187.705	208	178	7.84051	57.994 	157	3  	18.1242
148	7946  	187.848	207	178	7.88962	57.8372	197	3  	18.3521
149	7966  	187.851	207	178	7.90135	58.0344	167	3  	18.3849
150	7986  	187.617	208	178	7.75978	58.0624	173	3  	18.5941
151	8012  	187.689	207	178	7.74985	58.255 	177	3  	18.6017
152	8030  	187.709	207	178	7.75932	58.1148	165	3  	18.7094
153	8022  	187.796	207	178	7.8126 	58.2108	167	3  	18.9518
154	8070  	187.746	208	178	7.80037	58.2742	157	3  	18.6828
155	7996  	187.83 	207	178	7.86516	58.3894	157	3  	18.5241
156	7978  	187.623	207	178	7.78599	58.16  	189	3  	18.2301
157	8036  	187.714	208	178	7.77648	58.4036	171	3  	19.0258
158	7998  	187.702	207	178	7.78171	58.5456	177	3  	18.7866
159	7984  	187.732	208	178	7.82997	58.0434	181	3  	18.4794
160	7968  	187.617	207	178	7.77524	58.0424	175	3  	18.6334
161	7972  	187.649	207	178	7.7872 	58.1356	181	3  	18.38  
162	7976  	187.628	208	178	7.77689	58.2958	185	3  	18.5105
163	7896  	187.619	207	178	7.80656	58.3506	179	3  	18.7077
164	7902  	187.522	207	178	7.75977	58.5288	187	3  	18.5768
165	7938  	187.746	207	178	7.90585	58.597 	169	3  	18.4626
166	8014  	187.558	208	178	7.76482	58.1208	169	3  	18.5858
167	7988  	187.647	207	178	7.84111	58.2352	169	3  	18.6226
168	8068  	187.803	208	178	7.85298	58.037 	169	3  	18.2384
169	8066  	187.841	208	178	7.89479	58.1814	193	3  	18.255 
170	7960  	187.704	208	178	7.86591	58.1046	193	3  	18.1932
171	7904  	187.67 	208	178	7.87269	57.9268	201	3  	18.1804
172	8054  	187.78 	207	178	7.87165	58.0636	189	3  	18.1462
173	7984  	187.589	207	178	7.74973	58.115 	191	3  	18.3087
174	8026  	187.713	208	178	7.78295	58.113 	205	3  	19.0148
175	8044  	187.768	208	178	7.81177	58.2098	147	3  	18.7474
176	8024  	187.792	207	178	7.79581	58.2616	177	3  	18.8638
177	7872  	187.618	207	178	7.78206	58.5166	179	3  	18.9279
178	7958  	187.506	208	178	7.71134	58.0788	161	3  	18.6148
179	7938  	187.75 	207	178	7.94976	58.073 	159	3  	18.9468
180	8068  	187.59 	207	178	7.7683 	58.0892	167	3  	18.4314
181	8134  	187.76 	208	178	7.78481	58.1062	165	3  	19.1192
182	8030  	187.66 	208	178	7.75748	58.4476	173	3  	18.9272
183	8036  	187.79 	207	178	7.86562	58.5462	173	3  	19.1989
184	8082  	187.739	207	178	7.7523 	58.5292	195	3  	19.2457
185	8096  	187.818	207	178	7.76586	58.6046	197	3  	19.3647
186	7866  	187.558	207	178	7.68058	58.5012	195	3  	19.0858
187	7938  	187.649	207	178	7.83048	58.3168	197	3  	18.5465
188	7990  	187.587	207	178	7.798  	58.1262	195	3  	18.1918
189	7908  	187.505	208	178	7.76622	57.8346	153	3  	17.9944
190	8006  	187.698	208	178	7.84662	58.1142	173	3  	18.3259
191	8042  	187.702	207	178	7.77879	57.8156	173	3  	18.1568
192	8036  	187.774	207	178	7.85135	58.0614	173	3  	18.2883
193	8100  	187.684	207	178	7.72694	58.228 	163	3  	18.8934
194	7980  	187.684	208	178	7.75486	58.189 	177	3  	18.8033
195	8070  	187.713	207	178	7.73652	58.1858	167	3  	18.6373
196	7924  	187.562	207	178	7.71484	58.4456	185	3  	18.6425
197	8074  	187.718	207	178	7.76841	57.9816	155	3  	18.6754
198	8036  	187.636	208	178	7.69093	58.003 	157	3  	18.837 
199	7956  	187.621	208	178	7.74406	58.153 	159	3  	18.4427
200	7950  	187.744	207	178	7.85292	58.2312	173	3  	18.8254
201	7970  	187.706	207	178	7.82368	58.0558	157	3  	18.4614
202	7990  	187.708	207	178	7.80964	58.0942	169	3  	18.5204
203	8020  	187.802	208	178	7.81846	58.0264	169	3  	18.3364
204	7900  	187.541	207	178	7.7576 	58.3006	169	3  	18.6701
205	7946  	187.614	207	178	7.79366	58.0402	161	3  	18.2335
206	8054  	187.783	208	178	7.89895	58.244 	157	3  	18.1276
207	7990  	187.732	207	178	7.83286	58.1362	159	3  	17.8843
208	7964  	187.434	207	178	7.72294	57.923 	175	3  	18.0465
209	7940  	187.533	207	178	7.79456	57.9112	161	3  	17.9283
210	8108  	187.658	207	178	7.73931	58.001 	151	3  	17.8022
211	8002  	187.581	207	178	7.69348	58.0466	161	3  	18.3007
212	7956  	187.704	208	178	7.82255	58.1168	171	3  	18.6761
213	7984  	187.647	208	178	7.7636 	58.0584	163	3  	18.6972
214	7906  	187.558	207	178	7.74982	58.2868	167	3  	18.8042
215	7988  	187.704	207	178	7.81657	58.4506	169	3  	18.7197
216	7946  	187.613	207	178	7.76103	58.2938	171	3  	19.0984
217	8036  	187.721	207	178	7.83667	58.381 	169	3  	18.6271
218	7980  	187.595	208	178	7.75714	58.2882	177	3  	18.4972
219	7932  	187.616	208	178	7.81576	58.1566	173	3  	18.1656
220	7974  	187.724	208	178	7.85348	58.196 	175	3  	18.7999
221	7998  	187.733	208	178	7.81019	58.1578	183	3  	18.5084
222	7908  	187.596	207	178	7.79119	58.002 	189	3  	18.3924
223	8014  	187.558	207	176	7.78093	58.0856	161	3  	18.5879
224	8006  	187.685	208	176	7.83435	58.1482	169	3  	18.3166
225	8002  	187.629	208	176	7.75912	58.0404	169	3  	17.9432
226	8042  	187.558	208	176	7.67936	57.82  	177	3  	17.5088
227	8040  	187.701	207	176	7.77719	57.9382	179	3  	18.0315
228	7938  	187.588	207	176	7.76865	58.0286	177	3  	18.1304
229	8022  	187.728	208	176	7.85328	57.9408	157	3  	17.9706
230	7960  	187.639	207	176	7.82585	57.5886	161	3  	17.9216
231	7966  	187.642	208	176	7.79413	57.6666	157	3  	17.958 
232	8048  	187.755	208	176	7.87362	57.6808	159	3  	18.3714
233	8002  	187.711	207	176	7.80653	58.046 	179	3  	18.6659
234	8032  	187.687	207	176	7.74677	58.0522	171	3  	18.6102
235	7898  	187.692	208	176	7.86947	58.297 	209	3  	18.9163
236	8054  	187.635	208	176	7.79633	57.8758	165	3  	18.6518
237	8010  	187.68 	207	176	7.87499	57.8962	165	3  	18.415 
238	8014  	187.704	208	176	7.91653	58.383 	171	3  	18.8204
239	7928  	187.569	208	176	7.9128 	58.1788	157	3  	18.2766
240	7978  	187.638	208	176	7.99328	58.3256	163	3  	18.7487
241	8054  	187.634	207	176	7.93808	58.28  	157	3  	18.2914
242	8016  	187.567	207	176	7.96245	58.3614	169	3  	18.413 
243	8022  	187.531	207	176	7.94431	58.1794	183	3  	18.5908
244	8044  	187.646	207	176	8.01147	58.1806	179	3  	18.5359
245	8098  	187.666	208	176	8.02413	58.2778	167	3  	19.0746
246	8034  	187.476	207	176	7.94316	58.539 	171	3  	19.4039
247	7978  	187.503	207	176	8.03204	58.413 	159	3  	19.0181
248	7958  	187.463	208	176	8.07896	58.5318	159	3  	18.7918
249	8010  	187.541	207	176	8.17394	58.5208	161	3  	18.9002
250	7986  	187.45 	207	176	8.09472	58.6776	177	3  	18.8517
251	7960  	187.476	207	176	8.17457	58.6378	177	3  	19.1181
252	7990  	187.272	208	176	8.05445	58.5238	165	3  	18.7228
253	7978  	187.44 	208	176	8.12557	58.6008	173	3  	19.0677
254	8062  	187.565	207	176	8.12889	58.204 	199	3  	18.7641
255	8082  	187.458	207	176	8.02696	58.2984	189	3  	18.9735
256	8054  	187.571	207	176	8.08257	58.5324	169	3  	18.957 
257	7922  	187.464	208	176	8.0769 	58.2798	189	3  	19.0909
258	8066  	187.68 	207	176	8.12573	58.0828	183	3  	18.5574
259	8098  	187.516	207	176	8.01413	58.1558	169	3  	18.7816
260	7966  	187.484	207	176	8.09582	58.6088	179	3  	18.8434
261	8076  	187.555	208	176	8.04607	58.303 	183	3  	18.9006
262	8036  	187.601	207	176	8.05472	58.3226	159	3  	18.7096
263	7896  	187.373	207	176	8.03392	58.2934	183	3  	19.0062
264	7918  	187.198	207	176	7.98859	58.2276	165	3  	18.5976
265	7962  	187.442	207	176	8.22922	58.1598	157	3  	18.4412
266	8000  	187.447	208	176	8.12081	58.2176	159	3  	18.0308
267	8056  	187.555	207	176	8.07514	58.0996	159	3  	18.2456
268	7964  	187.574	207	176	8.14056	58.4164	161	3  	18.8822
269	7998  	187.419	207	176	8.07966	58.2738	163	3  	18.4787
270	7982  	187.538	208	176	8.14311	58.3876	151	3  	18.5574
271	8024  	187.44 	208	176	8.04608	58.3646	167	3  	18.8059
272	8072  	187.567	207	176	8.06214	58.4302	203	3  	18.9556
273	8016  	187.548	207	176	8.13251	58.3032	167	3  	18.9405
274	8038  	187.445	208	176	8.02041	58.2714	171	3  	18.7465
275	8006  	187.388	207	176	7.98588	58.2278	161	3  	18.7813
276	7994  	187.539	207	176	8.08931	58.1898	169	3  	18.7853
277	7920  	187.48 	208	176	8.08184	58.4774	193	3  	18.9825
278	7952  	187.432	207	176	8.10485	58.1248	161	3  	18.7792
279	8076  	187.461	208	176	8.00941	58.1988	171	3  	18.8132
280	8062  	187.553	207	176	8.03802	58.0986	185	3  	19.1025
281	7982  	187.5  	207	176	7.99162	58.2924	173	3  	19.3226
282	7934  	187.307	207	176	7.9984 	58.1706	179	3  	18.9796
283	8036  	187.531	207	176	8.11455	58.2542	179	3  	18.8391
284	7986  	187.443	207	176	8.0977 	58.3912	177	3  	18.4864
285	8062  	187.567	208	176	8.10515	58.3116	179	3  	18.6779
286	8050  	187.405	207	176	8.0028 	58.5872	167	3  	19.2233
287	8032  	187.559	207	176	8.07217	58.598 	165	3  	19.0683
288	8116  	187.664	207	176	8.06597	58.423 	175	3  	18.9003
289	7910  	187.481	207	176	8.11547	58.268 	169	3  	18.9938
290	7972  	187.463	207	176	8.05699	58.2756	189	3  	18.7724
291	8014  	187.521	207	176	8.11465	58.2524	177	3  	19.2869
292	7976  	187.49 	207	176	8.13055	58.181 	193	3  	18.8329
293	7948  	187.335	207	176	8.03906	58.0876	171	3  	19.1728
294	7994  	187.44 	207	176	8.09332	58.1114	181	3  	18.4371
295	7966  	187.502	208	176	8.14212	58.155 	165	3  	18.4351
296	7966  	187.433	208	176	8.10694	58.2728	171	3  	18.5498
297	7996  	187.342	207	176	8.11855	58.357 	183	3  	18.9117
298	7968  	187.376	207	176	8.09284	58.2906	181	3  	18.7535
299	8028  	187.468	207	176	8.1054 	58.4372	179	3  	18.4778
300	8024  	187.366	207	176	8.0156 	58.6388	177	3  	18.7535
301	7976  	187.406	207	176	8.14965	58.3342	179	3  	18.8722
302	7992  	187.379	208	176	8.10361	58.0744	173	3  	18.4665
303	7970  	187.358	207	176	8.08637	57.9918	217	3  	18.6516
304	7994  	187.531	207	176	8.19773	58.337 	249	3  	19.4628
305	8048  	187.517	208	176	8.15726	58.145 	217	3  	19.0301
306	8032  	187.446	207	176	8.05697	58.0674	203	3  	18.7955
307	8070  	187.504	207	176	8.02728	58.4586	181	3  	19.1905
308	7940  	187.449	208	176	8.09947	58.7162	165	3  	18.6027
309	8046  	187.512	208	176	8.01979	58.2998	157	3  	18.8439
310	7914  	187.417	208	176	8.15576	58.4134	177	3  	18.7535
311	7996  	187.449	207	176	8.11822	58.3994	149	3  	18.2996
312	8156  	187.52 	208	176	8.05703	58.1638	147	3  	18.2191
313	8026  	187.453	208	176	8.02532	58.3826	153	3  	18.8711
314	8036  	187.429	208	176	7.97957	58.5908	175	3  	18.9763
315	8052  	187.605	208	176	8.14196	58.6262	175	3  	18.7438
316	8042  	187.647	208	176	8.12919	58.4352	209	3  	19.2347
317	7998  	187.415	207	176	8.02247	58.6128	209	3  	19.3453
318	8016  	187.561	208	176	8.09851	58.2174	175	3  	18.9282
319	8068  	187.493	207	176	8.03763	58.1906	175	3  	18.9388
320	8042  	187.588	207	176	8.05524	58.3528	171	3  	19.4488
321	7980  	187.435	207	176	8.1046 	58.357 	155	3  	18.992 
322	8008  	187.468	207	176	8.08743	58.0876	145	3  	18.5558
323	7958  	187.441	208	176	8.14574	58.456 	169	3  	18.5798
324	8138  	187.724	207	176	8.19567	58.4842	165	3  	19.1089
325	7904  	187.389	207	176	8.10876	58.5678	177	3  	19.0787
326	7952  	187.528	207	176	8.21242	58.7224	163	3  	18.8897
327	7954  	187.547	207	176	8.12785	58.399 	161	3  	18.5936
328	8090  	187.557	208	176	8.09885	58.4396	179	3  	19.2662
329	7946  	187.493	208	176	8.15392	58.5654	171	3  	19.0972
330	7958  	187.464	208	176	8.21709	58.7602	193	3  	18.7473
331	7986  	187.499	207	176	8.19449	58.3408	169	3  	18.5137
332	7996  	187.335	207	176	8.07599	58.059 	149	3  	18.278 
333	7994  	187.304	208	176	8.0781 	58.1774	157	3  	18.2982
334	7990  	187.451	207	176	8.12766	58.254 	159	3  	18.3819
335	7984  	187.325	207	176	8.09136	58.1896	159	3  	18.4283
336	8076  	187.665	207	176	8.19565	57.8912	161	3  	18.6362
337	8034  	187.381	207	176	8.06623	58.064 	169	3  	18.7568
338	8044  	187.598	207	176	8.15734	58.2668	177	3  	19.3255
339	7956  	187.463	207	176	8.11946	58.491 	171	3  	18.8396
340	7878  	187.299	208	176	8.09328	58.24  	171	3  	18.8639
341	7968  	187.466	207	176	8.2186 	57.5718	157	3  	18.321 
342	8018  	187.57 	208	176	8.22098	57.649 	159	3  	17.8197
343	8024  	187.449	207	176	8.134  	57.8016	199	3  	17.9853
344	8006  	187.48 	207	176	8.13758	58.1696	203	3  	18.7591
345	7900  	187.336	208	176	8.12378	58.0496	203	3  	18.9553
346	7962  	187.374	207	176	8.10769	58.1272	201	3  	18.5281
347	7972  	187.401	208	176	8.17486	58.218 	221	3  	18.9521
348	8020  	187.465	208	176	8.20713	58.2186	235	3  	18.5715
349	8084  	187.583	207	176	8.10266	58.0122	243	3  	18.9264
350	7874  	187.297	207	176	8.09773	58.1248	217	3  	18.4324
351	8030  	187.46 	207	176	8.0983 	58.4168	257	3  	18.3184
352	8054  	187.496	207	176	8.02248	58.3688	161	3  	18.4219
353	7990  	187.44 	207	176	8.01074	58.6264	163	3  	18.7547
354	7934  	187.45 	207	176	8.10494	58.344 	167	3  	18.8086
355	8036  	187.354	208	176	7.99427	58.2766	169	3  	18.5647
356	8016  	187.513	208	176	8.13782	58.2364	163	3  	18.5035
357	7902  	187.463	208	176	8.1925 	58.562 	181	3  	18.737 
358	8046  	187.483	207	176	8.0554 	58.0158	173	3  	18.9312
359	8042  	187.546	207	176	8.10057	57.9472	183	3  	18.6542
360	7950  	187.449	207	176	8.02389	58.2864	157	3  	18.2999
361	7942  	187.482	207	176	8.13369	58.3972	165	3  	18.8443
362	7888  	187.357	208	176	8.12094	58.5196	167	3  	18.7359
363	7914  	187.425	207	176	8.24316	58.4082	173	3  	18.6071
364	7946  	187.312	208	176	8.14243	58.395 	175	3  	18.3574
365	7814  	187.082	208	176	8.10945	58.22  	169	3  	17.7456
366	8064  	187.484	208	176	8.19259	57.7852	187	3  	18.0003
367	7912  	187.33 	208	176	8.10018	57.9928	183	3  	18.2455
368	7964  	187.321	207	176	8.15225	58.2648	161	3  	18.0725
369	8040  	187.43 	208	176	8.11607	57.9264	153	3  	18.4792
370	7958  	187.336	207	176	8.12558	58.2396	173	3  	18.0308
371	7846  	187.31 	207	176	8.19046	58.0404	159	3  	18.0729
372	8116  	187.489	208	176	8.14713	58.2538	195	3  	18.025 
373	8010  	187.346	208	176	8.01493	58.3002	159	3  	18.6831
374	8086  	187.511	207	176	8.02898	58.5148	155	3  	18.5445
375	8036  	187.469	207	176	8.05649	58.3448	157	3  	18.5164
376	7854  	187.394	207	176	8.1082 	58.3108	161	3  	18.8162
377	8000  	187.466	207	176	8.09646	58.203 	183	3  	19.085 
378	8014  	187.605	207	176	8.15384	58.1364	183	3  	18.5615
379	7890  	187.32 	207	176	8.11151	58.3066	183	3  	18.6669
380	8104  	187.567	207	176	8.04838	58.1076	157	3  	18.6143
381	7978  	187.38 	207	176	8.01343	58.192 	161	3  	18.7138
382	8052  	187.531	207	176	8.11129	58.0256	157	3  	18.6469
383	8088  	187.531	207	176	8.02487	58.359 	177	3  	18.4136
384	7972  	187.506	208	176	8.02706	58.2292	169	3  	19.1229
385	8026  	187.615	207	176	8.08271	58.2998	195	3  	19.3703
386	7966  	187.48 	207	176	8.05252	58.9154	185	3  	19.7007
387	8090  	187.576	207	176	8.06676	58.6646	191	3  	19.3888
388	7958  	187.409	208	176	8.07831	58.4468	203	3  	19.0999
389	7976  	187.388	208	176	8.02553	58.3902	169	3  	18.9788
390	8052  	187.586	208	176	8.09499	58.0454	169	3  	18.8011
391	8036  	187.499	207	176	8.01733	58.1336	161	3  	18.5569
392	7962  	187.489	207	176	8.07519	58.5596	165	3  	18.9564
393	7958  	187.476	207	176	8.10121	58.288 	183	3  	18.2807
394	8036  	187.552	207	176	8.07772	58.1732	163	3  	18.2695
395	8004  	187.502	207	176	8.13291	58.4614	165	3  	18.7841
396	8096  	187.534	208	176	8.00886	58.5278	171	3  	18.9976
397	8012  	187.441	208	176	7.98318	58.7292	193	3  	18.7166
398	7972  	187.473	207	176	8.08995	58.6972	189	3  	18.8798
399	8056  	187.538	208	176	8.08062	58.488 	177	3  	18.6536
400	8038  	187.457	207	176	8.04421	58.412 	165	3  	18.4245
401	7982  	187.448	208	176	8.11022	58.6562	183	3  	19.0093
402	8056  	187.511	208	176	8.15477	58.4488	181	3  	19.2377
403	8046  	187.546	208	176	8.08082	58.5902	179	3  	19.1369
404	7888  	187.234	207	176	8.01302	58.4916	203	3  	18.9043
405	7918  	187.377	207	176	8.16605	58.2914	191	3  	18.6291
406	8110  	187.529	208	176	8.07795	58.2448	181	3  	18.7306
407	7986  	187.416	207	176	8.03676	58.279 	177	3  	18.3477
408	7962  	187.428	208	176	8.11627	58.2386	167	3  	18.3978
409	7996  	187.457	207	176	8.17382	58.196 	167	3  	18.5124
410	7962  	187.471	207	176	8.13491	58.1284	167	3  	18.5116
411	8048  	187.495	207	176	8.08719	58.3324	161	3  	18.669 
412	7976  	187.439	207	176	8.08104	58.4226	151	3  	18.8235
413	7974  	187.394	207	176	8.09384	58.5002	173	3  	18.5951
414	7998  	187.507	207	176	8.10479	58.5456	157	3  	18.7872
415	8000  	187.433	207	176	8.10099	58.5146	183	3  	18.4651
416	8042  	187.528	207	176	8.05176	58.5306	167	3  	18.7863
417	8058  	187.533	207	176	8.05856	58.6934	183	3  	18.8701
418	8016  	187.604	207	176	8.11246	58.3568	197	3  	18.9421
419	7936  	187.555	208	176	8.10997	58.0974	171	3  	17.9692
420	8074  	187.541	208	176	8.09308	57.7946	161	3  	18.2466
421	8014  	187.458	207	176	8.05147	57.835 	157	3  	18.4728
422	7958  	187.399	208	176	8.03634	58.0006	173	3  	18.7146
423	8050  	187.59 	207	176	8.11258	57.8116	173	3  	18.7667
424	8054  	187.527	207	176	8.0388 	57.8608	187	3  	18.7737
425	7862  	187.154	208	176	7.98909	58.1716	155	3  	18.5436
426	8000  	187.464	207	176	8.11653	58.1542	175	3  	18.6739
427	8070  	187.561	207	176	8.10864	58.4368	165	3  	18.7063
428	8030  	187.478	207	176	8.03961	58.1656	181	3  	18.5645
429	7904  	187.501	207	176	8.18199	58.3112	169	3  	18.888 
430	8040  	187.499	207	176	8.12138	58.4554	197	3  	18.7257
431	7996  	187.484	208	176	8.11286	58.1024	163	3  	18.3346
432	7988  	187.525	207	176	8.16974	58.0728	161	3  	18.1185
433	8002  	187.425	207	176	8.07866	58.0002	163	3  	17.9255
434	7970  	187.404	208	176	8.03113	57.8908	169	3  	17.9195
435	7996  	187.489	207	176	8.11055	57.9542	161	3  	18.1617
436	8032  	187.509	207	176	8.08476	58.2282	155	3  	18.5349
437	7992  	187.439	208	176	8.0926 	58.21  	155	3  	18.5944
438	7992  	187.499	207	176	8.07121	58.4094	187	3  	18.8611
439	8012  	187.456	207	176	8.0701 	58.212 	199	3  	18.8658
440	8048  	187.595	207	176	8.15967	58.313 	233	3  	18.9166
441	8060  	187.491	208	176	8.11295	58.1754	173	3  	18.6834
442	7974  	187.395	208	176	8.0708 	58.2554	173	3  	18.678 
443	8122  	187.586	207	176	8.10152	57.931 	177	3  	17.8096
444	7956  	187.428	208	176	8.03223	57.8838	163	3  	18.5159
445	8140  	187.491	208	176	7.97468	57.8786	185	3  	18.6517
446	8128  	187.603	208	176	8.03729	58.0134	191	3  	19.0982
447	7964  	187.512	208	176	8.08256	58.2938	193	3  	19.0966
448	7910  	187.423	208	176	8.13472	58.3618	163	3  	18.2585
449	7990  	187.352	207	176	8.12362	57.9254	163	3  	18.3818
450	8086  	187.597	207	176	8.12826	58.0546	181	3  	18.7102
451	8100  	187.546	208	176	8.11489	58.3136	171	3  	18.5454
452	8030  	187.581	207	176	8.1028 	58.417 	173	3  	18.9658
453	8112  	187.712	207	176	8.11768	58.3276	177	3  	19.1458
454	7964  	187.442	208	176	8.09361	58.3768	173	3  	19.2677
455	8010  	187.409	207	176	8.04687	58.4308	165	3  	18.7774
456	7954  	187.424	208	176	8.11218	58.4502	167	3  	18.6611
457	7994  	187.519	208	176	8.15187	58.343 	163	3  	18.8989
458	8090  	187.604	207	176	8.16167	58.0064	181	3  	18.4926
459	7988  	187.497	208	176	8.13555	58.4734	201	3  	18.3954
460	7990  	187.388	208	176	8.06787	58.3834	177	3  	18.402 
461	7888  	187.249	207	176	8.10694	58.2396	173	3  	18.3016
462	8050  	187.521	207	176	8.15411	58.117 	161	3  	18.3642
463	7996  	187.355	207	176	8.01984	58.56  	165	3  	19.1708
464	7986  	187.504	208	176	8.13749	58.4738	169	3  	19.0344
465	8094  	187.518	208	176	8.11052	58.474 	215	3  	18.9683
466	7972  	187.376	207	176	8.04749	58.8448	209	3  	19.143 
467	7954  	187.462	208	176	8.10804	58.6748	203	3  	19.5297
468	8004  	187.474	207	176	8.13257	58.6272	215	3  	19.4679
469	8014  	187.496	208	176	8.19658	58.615 	233	3  	19.5004
470	8020  	187.508	208	176	8.12858	58.7904	245	3  	19.4473
471	8000  	187.525	207	176	8.05842	58.8918	197	3  	19.6221
472	8030  	187.485	207	176	8.03486	58.3036	181	3  	19.2643
473	8044  	187.535	207	176	8.04734	58.5732	183	3  	19.472 
474	8012  	187.367	207	176	8.03288	58.625 	207	3  	19.41  
475	8088  	187.527	207	176	8.06376	58.4104	191	3  	19.3044
476	7980  	187.475	207	176	8.07854	58.4548	201	3  	19.5374
477	7960  	187.4  	208	176	8.13426	58.2622	171	3  	19.271 
478	8000  	187.468	207	176	8.16109	58.1842	167	3  	19.2584
479	8108  	187.499	207	176	8.04925	58.5804	181	3  	19.5834
480	7996  	187.458	207	176	8.10426	58.2   	179	3  	18.6154
481	8002  	187.308	208	176	7.98224	57.8726	175	3  	18.5935
482	8058  	187.518	207	176	8.08469	57.8876	179	3  	18.3521
483	7960  	187.476	208	176	8.06037	58.1398	197	3  	18.8006
484	8026  	187.467	207	176	8.04709	58.1942	199	3  	18.3443
485	8050  	187.514	207	176	8.1    	57.9558	181	3  	18.396 
486	8152  	187.568	207	176	8.01091	57.9842	147	3  	18.5084
487	8016  	187.565	208	176	8.06574	58.0236	177	3  	18.888 
488	7996  	187.549	207	176	8.11294	57.903 	173	3  	19.0785
489	8016  	187.477	207	176	7.99255	58.0958	193	3  	18.989 
490	8020  	187.541	208	176	8.0335 	57.9616	167	3  	18.5691
491	8010  	187.441	207	176	7.98081	58.1286	193	3  	18.6377
492	8056  	187.613	208	176	8.11927	57.7812	171	3  	18.4834
493	7988  	187.449	208	176	7.99049	58.0692	163	3  	18.6955
494	7954  	187.426	208	176	8.06653	58.4856	157	3  	18.5529
495	8040  	187.536	207	176	8.13448	58.486 	165	3  	18.9472
496	7862  	187.434	207	176	8.21136	58.4706	179	3  	18.8225
497	7974  	187.368	207	176	8.13265	58.1838	183	3  	19.0039
498	7968  	187.37 	207	176	8.10003	57.9696	183	3  	18.5947
499	8074  	187.613	207	176	8.14901	57.7758	163	3  	18.759 
500	7972  	187.546	207	176	8.13425	58.0594	201	3  	18.7732
   	      	            fitness            	              size             
   	      	-------------------------------	-------------------------------
gen	nevals	avg    	max	min	std    	avg   	max	min	std    
0  	10000 	194.251	208	182	4.42686	28.868	127	3  	35.5422
1  	8012  	192.589	207	182	4.54195	32.4118	187	3  	37.2681
2  	8056  	192.206	208	182	4.87971	34.282 	191	3  	38.5786
3  	8002  	191.917	207	182	5.10299	37.0156	191	3  	40.1011
4  	8060  	191.909	208	182	5.41068	39.905 	201	3  	41.5819
5  	7982  	191.494	207	181	5.7024 	44.2352	221	3  	42.3878
6  	8068  	191.114	208	181	6.04284	49.7704	251	3  	42.1273
7  	7994  	190.328	208	180	6.33773	56.5708	275	3  	39.2719
8  	8002  	189.726	208	180	6.53797	61.5938	275	3  	35.2501
9  	7996  	189.276	207	180	6.64673	63.6918	237	3  	30.9046
10 	7912  	189    	208	180	6.70964	64.2884	227	3  	27.7823
11 	8008  	188.875	207	180	6.83287	65.2676	221	3  	26.1633
12 	8024  	188.816	208	180	6.87625	66.6498	217	3  	24.0185
13 	7972  	188.708	207	180	6.96683	66.5056	189	3  	22.5511
14 	8020  	188.689	207	179	6.9644 	66.5128	185	3  	21.8205
15 	8022  	188.729	207	179	7.03535	66.578 	195	5  	22.1877
16 	8008  	188.662	207	178	7.05946	67.5162	187	3  	22.3137
17 	8018  	188.584	207	175	7.08408	68.0328	177	3  	22.6134
18 	8062  	188.522	207	170	7.0794 	67.9482	203	3  	23.3568
19 	7928  	188.386	208	170	7.20427	68.5332	185	5  	23.2867
20 	8018  	188.257	207	170	7.29347	70.053 	189	5  	23.4401
21 	7936  	187.529	207	165	7.34863	74.173 	199	5  	25.3199
22 	8044  	186.945	207	165	7.63864	82.2774	211	5  	28.1931
23 	8038  	185.939	207	165	7.85905	92.7496	223	5  	29.9134
24 	8142  	185.317	207	161	8.04766	100.319	233	7  	30.4846
25 	8080  	185.041	207	161	8.32786	105.503	257	11 	32.2394
26 	7990  	184.723	207	161	8.47036	108.695	289	11 	33.5087
27 	8080  	184.663	207	161	8.64787	110.483	329	17 	33.7347
28 	7978  	184.405	207	161	8.73372	110.043	285	19 	34.1089
29 	8044  	184.31 	207	161	8.7742 	110.523	295	19 	34.6216
30 	8088  	184.388	207	161	8.9269 	109.423	297	21 	33.6089
31 	7970  	184.199	206	161	9.09406	110.34 	291	19 	33.1542
32 	8040  	184.212	207	161	9.20854	110.164	309	11 	32.6886
33 	8024  	184.162	207	161	9.28215	109.488	271	21 	32.053 
34 	8064  	184.263	207	161	9.39543	109.13 	273	21 	32.0948
35 	7872  	183.894	207	161	9.44591	108.813	285	19 	31.776 
36 	8068  	184.115	207	157	9.66208	107.221	273	19 	31.552 
37 	7962  	183.998	207	156	9.77875	106.038	279	19 	31.1132
38 	8002  	184.039	207	157	9.83551	105.256	335	21 	30.8634
39 	8014  	183.952	207	157	10.0372	104.41 	359	19 	30.6812
40 	7882  	183.677	207	157	10.2864	103.402	357	21 	29.9045
41 	8104  	184.011	207	157	10.3975	102.507	357	19 	29.5871
42 	7968  	183.73 	207	157	10.5265	102.329	255	17 	29.606 
43 	7968  	183.541	207	157	10.6825	101.705	257	23 	28.8419
44 	7960  	183.581	207	157	10.9172	100.897	253	21 	28.7498
45 	7920  	183.42 	206	157	11.1244	99.1852	253	15 	27.608 
46 	8014  	183.593	207	157	11.1605	97.5946	291	21 	26.9911
47 	8144  	183.958	207	157	11.1155	97.247 	291	23 	26.8649
48 	8126  	183.848	207	157	11.0143	97.1764	303	21 	26.5451
49 	8092  	183.769	207	157	11.034 	96.9832	295	21 	26.1087
50 	8078  	183.902	207	153	11.2382	96.5614	291	23 	25.3227
51 	8000  	183.788	207	157	11.4524	96.796 	315	21 	25.7854
52 	7938  	183.342	207	157	11.5013	97.8544	299	23 	26.4335
53 	7884  	183.195	207	157	11.8072	100.175	323	21 	27.7472
54 	8060  	183.233	207	157	11.5067	102.383	335	21 	28.9372
55 	7908  	183.021	207	155	11.7287	105.26 	297	21 	28.98  
56 	7964  	182.796	207	155	11.892 	108.107	305	21 	29.4879
57 	8078  	182.999	207	155	11.8035	111.961	325	21 	30.4273
58 	7964  	182.838	207	155	11.8941	114.938	317	21 	30.111 
59 	8060  	182.888	207	155	11.8433	117.47 	289	17 	30.2264
60 	7986  	182.86 	207	155	11.9099	120.201	307	19 	29.9026
61 	8018  	182.664	207	155	11.8785	122.254	291	21 	29.1317
62 	7952  	182.532	207	155	11.9725	123.2  	269	19 	28.8026
63 	8116  	182.679	207	155	11.9303	124.178	279	21 	29.0515
64 	8108  	182.799	207	155	11.8561	124.8  	285	21 	28.2261
65 	8070  	182.781	206	155	11.8696	125.156	291	21 	28.031 
66 	8018  	182.552	207	155	11.9647	125.688	309	19 	28.2932
67 	7988  	182.462	207	155	12.1016	126.081	279	21 	28.4671
68 	7964  	182.297	207	153	12.1485	126.776	333	21 	27.6527
69 	8008  	182.466	207	155	12.1594	126.638	275	21 	27.2272
70 	7920  	182.195	207	155	12.1324	126.899	291	21 	27.2858
71 	7946  	182.178	207	155	12.3426	127.318	321	19 	28.5145
72 	7938  	182.031	207	155	12.3733	127.805	295	21 	27.9825
73 	8026  	182.27 	207	155	12.333 	128.188	291	21 	27.9788
74 	7960  	182.224	207	155	12.4991	128.125	307	21 	27.8934
75 	7982  	182.089	207	155	12.4398	129.247	285	21 	27.7837
76 	7938  	182.102	207	155	12.6089	130.271	299	21 	28.5079
77 	7980  	182.216	207	155	12.6545	129.784	287	21 	27.9707
78 	7940  	181.811	207	155	12.818 	129.995	269	21 	28.1234
79 	8064  	182.125	207	155	12.635 	130.569	293	21 	27.3375
80 	7980  	182.068	207	155	12.4539	130.685	321	15 	29.125 
81 	7990  	182.073	207	155	12.5678	131.671	339	17 	28.5055
82 	7956  	181.982	207	155	12.779 	132.178	299	21 	28.898 
83 	8088  	182.047	207	155	12.507 	131.995	317	21 	28.9638
84 	7968  	182.22 	207	155	12.5272	131.659	323	19 	29.315 
85 	8012  	182.197	207	155	12.4312	131.867	331	21 	29.437 
86 	8016  	182.224	207	155	12.467 	131.809	313	21 	28.7475
87 	8054  	182.259	207	155	12.3675	131.427	291	21 	29.3272
88 	8048  	182.254	207	155	12.3657	132.027	307	21 	29.188 
89 	8014  	182.255	207	155	12.3938	131.824	287	21 	29.35  
90 	8038  	182.119	207	155	12.379 	132.318	333	21 	28.5326
91 	7990  	182.173	207	155	12.4524	132.247	333	21 	29.1962
92 	7930  	181.911	207	155	12.6324	132.285	325	21 	27.8575
93 	8008  	182.08 	206	155	12.6343	131.871	301	21 	28.9182
94 	7928  	181.947	207	155	12.5927	132.15 	335	11 	29.5345
95 	8014  	182.115	207	155	12.623 	131.855	315	21 	29.3341
96 	7914  	182.009	207	155	12.7163	131.618	283	19 	28.2184
97 	8008  	182.097	207	155	12.7621	132.088	331	19 	28.1642
98 	8034  	182.127	207	155	12.4864	131.806	297	21 	28.557 
99 	8148  	182.76 	207	155	12.3321	131.912	309	21 	30.1697
100	8006  	182.497	207	155	12.4214	131.863	299	21 	29.372 
101	8018  	182.3  	207	155	12.3837	131.815	313	21 	29.6594
102	7948  	182.105	207	155	12.4426	132.322	283	21 	28.3621
103	8048  	182.306	207	155	12.4081	132.012	299	21 	29.3744
104	7994  	182.112	207	155	12.508 	131.874	319	21 	29.4694
105	8058  	182.027	207	155	12.5687	131.303	323	21 	29.0021
106	8012  	182.129	207	154	12.5531	131.807	293	21 	28.6945
107	7924  	181.932	207	154	12.5532	131.849	321	21 	28.554 
108	8016  	182.263	207	154	12.5485	131.663	299	21 	28.2843
109	7924  	182.121	207	154	12.5688	131.433	303	21 	28.8513
110	7950  	181.948	207	153	12.5788	131.588	325	21 	28.5412
111	8020  	182.232	207	153	12.5537	131.239	333	21 	29.0049
112	8090  	182.405	207	149	12.4157	131.359	299	9  	28.9597
113	7910  	182.101	207	153	12.4628	131.758	305	19 	28.9205
114	7984  	182.063	207	153	12.5074	131.623	333	21 	29.4582
115	8106  	182.325	207	153	12.3583	131.642	325	15 	29.9839
116	8030  	182.477	207	153	12.3728	132.038	329	21 	29.7138
117	7918  	182.05 	207	153	12.4816	131.969	285	9  	29.748 
118	7928  	182.135	207	153	12.6742	131.271	313	21 	29.2752
119	7976  	181.972	207	153	12.7812	131.866	339	21 	29.2698
120	8002  	181.906	207	153	12.754 	131.171	283	21 	28.9957
121	7974  	181.99 	207	153	12.7547	131.391	325	21 	29.2703
122	8024  	182.139	207	153	12.5749	131.89 	365	19 	29.3618
123	8140  	182.506	207	153	12.4106	130.905	407	21 	30.068 
124	8000  	182.1  	207	153	12.3408	131.589	339	21 	29.9949
125	8028  	182.339	207	153	12.5095	130.864	285	21 	29.4577
126	8022  	182.115	207	153	12.474 	130.69 	315	21 	28.9216
127	7976  	182.03 	207	153	12.6893	130.709	289	21 	28.329 
128	7952  	182.017	207	151	12.8888	130.7  	291	21 	28.8619
129	8004  	181.97 	207	153	12.9338	130.339	349	21 	29.7006
130	8006  	181.908	207	153	12.9459	130.634	349	21 	28.5769
131	7950  	181.856	207	153	13.1743	130.314	315	21 	28.691 
132	7994  	182.027	207	153	13.1013	130.699	291	21 	28.7649
133	7990  	181.993	207	153	13.1888	130.642	303	21 	29.0977
134	8056  	182.112	207	153	12.8309	130.737	319	21 	29.046 
135	8054  	182.128	207	153	12.7533	131.669	291	21 	29.1612
136	8028  	182.139	207	153	12.8143	131.531	293	21 	30.0127
137	7936  	181.901	207	153	12.9504	131.225	305	19 	29.2877
138	7854  	181.567	207	153	13.2827	131.823	345	21 	28.0671
139	8010  	181.587	207	153	13.2263	131.184	343	9  	27.4525
140	7910  	181.507	207	153	13.3868	131.59 	353	19 	27.2335
141	7972  	181.48 	207	153	13.3365	131.61 	353	21 	27.4927
142	8022  	181.844	206	153	13.1078	131.508	287	21 	28.8699
143	8062  	182.023	207	153	13.1009	131.863	303	21 	28.0875
144	7966  	181.91 	207	153	13.1821	131.978	315	21 	28.8599
145	8082  	182.173	207	153	12.9585	132.083	273	21 	28.5855
146	8048  	182.085	207	153	12.7834	131.766	323	21 	29.5898
147	8018  	182.179	207	153	12.9019	131.157	291	15 	29.0841
148	8008  	182.067	207	153	13.0589	131.258	337	21 	29.5109
149	8062  	182.007	207	153	12.9703	131.959	321	21 	29.1356
150	8032  	181.825	207	153	12.9498	132.588	333	19 	28.2555
151	8038  	182.158	207	153	12.9903	131.941	341	17 	29.4912
152	8080  	182.298	207	153	12.6663	132.147	369	21 	29.3205
153	7970  	181.939	207	153	12.8276	131.912	293	21 	28.6016
154	7984  	181.992	207	153	12.8846	131.776	287	7  	28.647 
155	8098  	182.069	207	153	12.9322	131.361	287	19 	29.2228
156	7986  	181.955	207	153	13.0474	131.478	293	17 	29.2684
157	7976  	181.839	207	153	12.8972	131.791	313	21 	29.5071
158	7976  	181.792	207	150	13.1401	131.332	339	21 	29.5364
159	7952  	181.772	207	150	13.1254	131.737	339	21 	29.637 
160	8078  	182.093	207	150	12.8911	131.568	333	19 	28.9881
161	7978  	181.951	207	150	12.8649	131.362	325	19 	28.8022
162	8078  	181.972	207	150	12.9352	131.831	373	21 	29.06  
163	8006  	182.016	207	150	12.8841	131.752	295	21 	29.4841
164	7942  	181.963	207	153	13.0338	132.173	345	11 	29.2566
165	8050  	182.019	207	153	12.8909	131.627	293	21 	29.198 
166	8110  	182.209	207	153	12.9126	131.542	277	19 	28.2447
167	8064  	182.129	207	153	12.7621	131.332	307	21 	28.4152
168	8056  	182.189	207	153	12.806 	131.5  	287	15 	28.1023
169	7998  	182.02 	207	153	12.8324	131.907	295	21 	29.0196
170	8028  	182.077	207	153	12.924 	132.343	313	21 	28.3159
171	7980  	181.939	207	153	12.8229	132.249	301	21 	28.8746
172	8026  	181.895	207	153	12.9157	132.143	281	21 	28.2977
173	8014  	181.865	207	153	13.0145	131.726	293	19 	28.017 
174	8116  	182.121	207	153	12.8615	131.232	323	19 	28.4591
175	7924  	181.788	207	153	13.0619	131.658	297	21 	28.9643
176	8042  	181.833	206	153	12.9409	131.82 	299	21 	28.0757
177	7972  	181.885	207	153	13.1947	132.285	329	21 	28.9474
178	8028  	181.975	207	153	13.1059	132.266	335	21 	28.6851
179	7986  	181.814	207	153	13.0714	131.976	323	21 	29.2849
180	8042  	181.806	207	153	12.9775	131.763	313	19 	28.1503
181	7900  	181.628	207	153	13.2625	131.868	343	21 	27.685 
182	7978  	181.74 	207	153	13.2933	131.738	329	5  	27.5252
183	7960  	181.833	207	153	13.1354	132.147	309	21 	28.5571
184	7994  	181.843	207	153	13.219 	132.47 	329	21 	28.0521
185	7988  	181.782	207	153	13.1048	132.5  	301	21 	28.7443
186	7980  	181.917	207	153	13.1184	132.36 	311	21 	27.8832
187	7992  	181.767	207	153	13.0424	132.453	311	19 	29.1451
188	7992  	181.978	207	153	13.147 	132.234	325	21 	29.0459
189	8042  	181.975	207	153	12.9669	132.137	289	19 	28.727 
190	8008  	181.88 	207	153	12.9351	132.01 	289	21 	28.9649
191	8068  	182.172	207	153	12.9361	131.868	317	19 	29.1075
192	7994  	182.043	207	153	13.0538	132.064	341	21 	28.9251
193	7864  	181.647	207	153	13.1908	132.263	317	13 	28.43  
194	8132  	182.124	207	153	12.9413	132.172	299	21 	29.0338
195	8024  	182.011	207	153	12.9531	132.121	311	17 	30.5676
196	7948  	181.781	207	153	12.9667	132.063	285	21 	29.7672
197	8004  	181.799	207	153	12.8199	131.568	285	21 	28.2532
198	8066  	181.893	207	153	12.8075	131.479	273	21 	29.5186
199	8084  	182.143	207	153	12.7409	131.77 	319	7  	28.2059
200	7986  	182.05 	207	153	12.913 	131.39 	345	21 	29.8214
201	8086  	182.16 	207	153	12.8049	131.165	375	21 	29.6605
202	7890  	181.77 	207	153	13.128 	131.716	295	21 	29.5211
203	8004  	181.892	207	153	13.0723	131.482	323	21 	28.9861
204	8010  	181.712	207	153	13.142 	131.863	331	19 	28.4973
205	7926  	181.502	207	153	13.1711	131.527	345	19 	29.1284
206	8060  	181.855	207	153	13.1014	131.477	345	21 	28.6145
207	8024  	181.898	206	153	13.0618	131.667	339	21 	28.4087
208	7868  	181.458	207	153	13.171 	131.935	283	21 	27.8802
209	7976  	181.862	207	153	13.2635	131.512	289	21 	28.6763
210	8020  	181.831	207	153	13.0936	131.762	315	21 	28.6949
211	8030  	181.749	207	153	12.9984	131.899	331	21 	29.4454
212	8022  	181.836	207	153	13.004 	131.904	331	19 	28.7299
213	7940  	181.901	207	153	13.0682	132.069	295	21 	29.3973
214	7906  	181.596	207	153	13.2328	132.032	309	11 	29.6924
215	8034  	181.922	207	153	13.1197	131.638	307	19 	29.6494
216	8002  	181.781	207	153	12.9811	131.946	285	11 	28.6371
217	7976  	182.029	207	153	13.1802	132.111	317	21 	28.5489
218	7984  	181.885	207	153	13.0243	131.857	323	21 	28.893 
219	8112  	182.153	207	153	12.8814	131.207	301	19 	29.3564
220	7978  	181.946	207	153	12.9668	131.833	315	21 	28.8565
221	7942  	181.962	207	153	13.1014	131.711	357	19 	29.3504
222	8000  	182.011	207	153	13.0306	131.753	331	21 	29.1773
223	8018  	181.962	207	153	12.9078	131.611	323	11 	29.2352
224	7958  	181.776	207	153	13.0187	131.162	323	21 	29.0218
225	7978  	181.736	207	153	13.0425	131.252	305	21 	27.8215
226	7926  	181.676	207	153	13.2278	131.341	299	21 	28.7015
227	8060  	181.964	207	153	13.1459	131.357	305	15 	28.2858
228	8030  	181.882	207	153	13.1896	131.535	311	21 	28.9628
229	7992  	181.822	207	145	13.2112	131.385	291	21 	28.2518
230	7996  	181.942	207	153	13.066 	131.577	317	21 	29.2933
231	7982  	181.844	207	153	13.1228	131.992	361	19 	28.3842
232	8048  	182.084	207	153	13.0246	131.966	407	19 	28.8386
233	8046  	182.155	207	153	12.8895	131.482	407	21 	29.5948
234	8026  	182.049	207	153	12.8242	131.633	415	21 	29.3582
235	7964  	182    	207	153	12.8976	131.844	405	21 	30.088 
236	8028  	181.899	207	153	12.769 	132.005	327	21 	30.4173
237	7954  	181.677	206	153	12.9335	132.29 	363	21 	30.6813
238	8092  	182.059	207	153	12.8088	132.05 	359	21 	30.4209
239	7950  	181.721	207	153	13.0299	132.316	323	19 	30.9994
240	8050  	181.884	207	153	12.8446	132.987	351	21 	31.4667
241	7954  	181.79 	207	153	12.9805	132.582	355	21 	30.9052
242	8026  	181.939	207	153	13.0565	132.247	349	21 	30.6238
243	8074  	182.205	207	153	12.7755	132.188	335	21 	29.7272
244	7946  	181.893	206	153	12.8997	132.252	339	21 	29.8973
245	8030  	182.044	207	153	12.9591	131.999	335	21 	29.2195
246	8062  	182.131	207	153	12.8389	131.929	329	21 	29.2616
247	8012  	181.997	207	150	12.8873	132.187	351	19 	29.3835
248	7960  	181.791	207	153	12.8739	132.131	351	21 	29.9914
249	8030  	182.175	207	153	12.8707	132.2  	329	15 	30.9411
250	7980  	181.964	206	153	12.9674	132.714	345	21 	30.802 
251	7998  	181.941	207	153	13.0337	132.493	343	21 	30.3012
252	7858  	181.504	207	153	13.1664	132.669	357	19 	29.7013
253	7968  	181.635	207	153	13.2044	132.137	335	21 	29.3629
254	7994  	181.77 	207	153	13.0112	132.487	335	21 	29.2129
255	8008  	181.782	207	153	13.1381	132.167	359	17 	30.6371
256	7958  	181.663	207	152	13.236 	131.889	345	21 	30.1565
257	8034  	181.902	207	153	13.1446	131.902	305	21 	29.0333
258	8046  	181.936	207	153	13.027 	131.382	307	11 	28.584 
259	8000  	181.797	207	153	12.9586	131.609	331	21 	28.8223
260	8160  	182.159	207	153	12.7771	131.603	275	21 	28.4499
261	7982  	181.966	207	153	12.9397	131.377	283	19 	28.9372
262	7982  	181.804	207	153	13.0349	131.822	313	21 	28.7296
263	8000  	181.843	207	153	13.0711	131.481	299	21 	28.9381
264	7954  	181.78 	207	153	13.1631	132.382	309	21 	28.9851
265	7926  	181.659	207	143	13.1914	131.877	309	21 	28.6528
266	7936  	181.638	207	143	13.3214	131.584	309	21 	28.0261
267	8036  	181.857	207	153	13.2732	131.997	309	21 	28.1166
268	8144  	182.158	207	153	13.0512	131.885	295	21 	28.1732
269	7976  	182.033	207	153	13.0253	131.411	289	21 	28.2871
270	8130  	182.326	207	153	12.915 	131.34 	285	19 	28.3541
271	7966  	181.944	207	153	13.0808	131.698	311	15 	28.2712
272	8018  	181.832	207	153	12.8369	131.563	291	21 	27.3755
273	8068  	182.08 	207	153	12.9083	131.253	297	19 	28.5092
274	7934  	181.851	207	153	13.0331	131.707	289	19 	28.3106
275	7940  	181.621	207	147	13.131 	131.89 	297	11 	28.5654
276	7982  	181.735	207	147	13.2804	132.072	297	21 	28.618 
277	7976  	181.626	207	147	13.3151	132.06 	343	19 	28.6339
278	8020  	181.73 	207	147	13.2401	131.891	323	7  	28.7604
279	7874  	181.396	207	147	13.3352	131.86 	323	21 	28.5892
280	8012  	181.669	207	147	13.2142	131.305	351	11 	29.7662
281	8044  	181.935	207	147	13.2229	131.636	305	21 	28.8188
282	8000  	181.742	207	147	13.1075	131.656	291	17 	29.0093
283	8018  	181.853	207	147	13.0695	131.721	303	21 	29.2308
284	8054  	181.9  	207	147	12.9849	131.551	303	21 	28.6949
285	7984  	181.774	207	147	13.0931	131.346	297	21 	28.7257
286	7990  	181.929	207	147	13.1139	130.787	335	19 	28.8207
287	8084  	182.218	207	147	12.8402	130.541	317	21 	29.0561
288	8046  	182.136	207	147	12.8268	130.797	311	21 	28.2368
289	8026  	181.979	207	147	12.8594	130.865	331	19 	28.8625
290	7956  	181.924	206	147	13.1048	130.195	289	21 	28.9967
291	7954  	181.844	206	147	13.1543	129.391	305	21 	28.8809
292	8068  	182.068	207	147	13.0067	128.287	309	17 	29.3698
293	8034  	181.873	207	147	13.2663	127.812	291	21 	29.6236
294	7936  	181.657	207	147	13.6524	126.843	335	15 	29.9884
295	8008  	181.649	207	147	13.5768	124.708	267	17 	29.4043
296	7928  	181.537	207	147	13.6742	122.865	323	21 	29.9745
297	7898  	181.229	207	147	13.834 	121.526	321	19 	29.8291
298	8030  	181.556	207	147	14.0741	118.837	333	21 	30.7671
299	8118  	181.822	207	147	13.8904	116.845	315	21 	31.1864
300	8030  	181.853	207	147	14.0742	114.97 	275	19 	30.9346
301	7956  	181.746	207	147	14.2973	112.526	325	5  	30.0197
302	7918  	181.499	207	147	14.4052	110.435	273	21 	29.1792
303	7910  	181.326	207	147	14.6848	107.973	265	17 	28.2751
304	7964  	181.331	207	147	14.7736	106.247	283	17 	27.6812
305	8004  	181.464	207	147	14.7735	104.624	257	11 	26.265 
306	7976  	181.257	207	147	14.8713	103.52 	261	19 	25.092 
307	7996  	181.381	207	147	14.7948	102.509	247	21 	24.4716
308	7928  	181.212	207	147	14.9658	102.031	275	15 	24.5305
309	8036  	181.505	207	147	14.6899	101.697	253	21 	24.2761
310	8044  	181.511	207	147	14.6638	101.358	243	21 	23.3114
311	8000  	181.51 	207	147	14.828 	100.894	267	17 	23.609 
312	7984  	181.499	207	147	14.9452	100.232	241	21 	22.9392
313	8054  	181.641	207	147	14.7039	100.479	235	21 	22.9685
314	8060  	181.638	207	147	14.6825	100.324	225	19 	23.4139
315	8046  	181.679	207	147	14.603 	100.165	257	21 	22.4644
316	7964  	181.715	207	147	14.7466	100.472	275	21 	23.1594
317	8036  	181.56 	207	147	14.5786	100.063	257	21 	23.4617
318	7978  	181.717	207	147	14.5977	100.35 	249	21 	22.868 
319	8028  	181.708	207	147	14.6078	100.695	261	11 	23.6961
320	8048  	181.718	207	147	14.6498	100.3  	293	19 	23.5537
321	8028  	181.709	207	147	14.6613	100.47 	239	9  	23.2276
322	8096  	181.898	207	147	14.513 	100.337	259	19 	23.2992
323	7946  	181.498	207	147	14.812 	100.836	245	15 	23.2806
324	7878  	181.077	207	147	15.087 	100.71 	235	21 	23.436 
325	7952  	181.303	207	147	15.1295	100.681	269	21 	23.3146
326	7888  	181.156	207	147	15.1906	100.945	233	15 	22.8471
327	8048  	181.613	207	147	14.9181	100.484	223	17 	22.8961
328	7930  	181.266	207	147	14.991 	100.558	231	15 	23.0861
329	8070  	181.684	207	147	14.8743	100.621	225	19 	22.6981
330	8014  	181.771	207	147	14.5668	100.869	225	21 	23.3381
331	7928  	181.576	207	147	14.6825	100.534	243	21 	23.4544
332	8018  	181.703	207	147	14.546 	100.796	265	21 	23.3787
333	7896  	181.222	207	147	14.8247	100.388	237	21 	23.099 
334	7930  	181.238	207	147	15.0935	100.688	249	21 	23.4648
335	8008  	181.499	207	147	14.8527	100.801	259	21 	24.1877
336	8018  	181.506	207	147	14.7963	100.926	259	19 	23.6853
337	8020  	181.644	207	147	14.7113	100.957	225	21 	23.3521
338	8052  	181.713	207	147	14.7596	100.716	239	21 	23.3861
339	7998  	181.511	207	147	14.7057	100.68 	245	21 	23.6479
340	7922  	181.298	207	147	14.8863	100.688	251	19 	23.7337
341	8052  	181.667	207	147	14.8661	100.718	251	11 	23.1661
342	8038  	181.672	207	147	14.8324	100.676	253	7  	23.4052
343	7956  	181.476	207	147	14.7371	100.895	253	19 	23.1856
344	7988  	181.389	207	147	14.8235	101.042	253	21 	23.1618
345	8130  	182.014	207	147	14.4297	100.974	249	17 	24.119 
346	8000  	181.854	207	147	14.5673	101.274	249	19 	24.4264
347	7994  	181.741	207	147	14.599 	101.327	235	11 	24.2479
348	7884  	181.423	207	147	14.8891	100.895	229	19 	23.6974
349	8054  	181.628	207	147	14.7527	100.528	275	21 	24.0187
350	7984  	181.656	207	147	14.7153	100.638	243	21 	23.5033
351	7978  	181.513	207	147	14.7304	100.421	235	19 	23.7695
352	8088  	181.724	207	147	14.6002	100.522	225	21 	23.5072
353	7924  	181.433	208	147	14.8369	100.96 	235	17 	23.4615
354	7980  	181.465	207	147	14.9555	101.005	245	7  	22.9437
355	8010  	181.278	206	147	14.9357	100.883	243	21 	23.3561
356	7970  	181.406	207	147	14.9387	100.958	273	21 	23.4954
357	8064  	181.48 	207	147	14.7066	100.949	265	17 	23.6433
358	8118  	181.718	207	147	14.5683	100.621	265	21 	23.5324
359	8004  	181.577	207	147	14.7231	100.637	281	17 	23.2297
360	8060  	181.731	207	147	14.6138	100.676	243	21 	23.7111
361	8084  	181.866	207	147	14.4345	100.875	239	19 	24.204 
362	8014  	181.708	207	147	14.5713	101.172	243	21 	23.7641
363	8012  	181.625	207	147	14.5088	101.089	249	17 	24.1212
364	7962  	181.562	207	147	14.6716	101.275	233	21 	24.0228
365	8030  	181.607	207	147	14.7595	100.997	237	21 	23.2004
366	8038  	181.575	207	147	14.6835	101.088	239	21 	23.6023
367	7958  	181.493	207	147	14.762 	100.992	237	21 	23.4466
368	8152  	181.954	207	147	14.4729	100.859	231	17 	23.5766
369	7928  	181.446	207	147	14.7956	101.218	251	21 	23.7201
370	7972  	181.447	207	147	14.9929	101.328	257	21 	23.8478
371	7968  	181.419	207	147	14.9273	100.838	253	19 	23.1185
372	8006  	181.49 	207	147	14.9843	100.767	261	21 	23.8642
373	8054  	181.546	207	147	14.8781	100.633	229	21 	23.7239
374	8078  	181.558	207	147	14.7569	100.781	231	21 	23.1719
375	8056  	181.722	207	147	14.5668	100.288	233	21 	23.7205
376	8028  	181.481	207	147	14.5414	100.589	239	21 	23.5441
377	7984  	181.498	207	147	14.5838	100.944	295	7  	23.8084
378	7936  	181.471	207	147	14.9641	100.699	293	21 	23.8084
379	7972  	181.27 	207	147	14.8348	100.543	327	21 	23.7573
380	8010  	181.363	207	147	14.8641	100.471	261	21 	23.4589
381	7988  	181.718	207	147	14.8571	100.667	257	21 	23.4114
382	7998  	181.691	207	147	14.4129	100.499	251	21 	23.3513
383	7992  	181.713	207	147	14.6646	100.672	253	21 	23.2259
384	8076  	181.792	207	147	14.5199	100.797	239	9  	23.7678
385	7982  	181.567	207	147	14.6689	100.797	243	7  	23.6156
386	8002  	181.543	207	147	14.6414	100.787	235	19 	23.5087
387	7940  	181.312	207	147	14.9383	100.722	245	17 	23.0437
388	8012  	181.603	207	147	14.8643	100.523	241	9  	22.9468
389	8006  	181.432	207	147	14.8548	100.189	243	21 	23.192 
390	8006  	181.615	207	147	14.8679	100.073	235	21 	23.0075
391	8052  	181.838	207	147	14.5363	100.396	235	21 	23.3506
392	8042  	181.671	207	147	14.4953	100.57 	243	21 	23.5395
393	8060  	181.788	207	147	14.445 	100.314	243	19 	23.5829
394	8042  	181.816	207	147	14.5462	100.485	235	21 	23.5157
395	8008  	181.654	207	147	14.5518	100.677	241	19 	23.7449
396	7996  	181.651	207	147	14.7898	100.724	253	21 	23.6236
397	7874  	181.059	207	147	15.0058	100.569	249	19 	23.3142
398	8010  	181.47 	207	147	14.9739	100.2  	269	17 	23.6458
399	8046  	181.636	207	147	14.9182	100.071	253	21 	22.8519
400	7982  	181.416	207	147	14.9277	100.689	243	17 	23.1646
401	8064  	181.612	207	147	14.8866	100.333	253	11 	23.0544
402	8000  	181.595	207	147	14.8084	100.647	253	19 	23.8426
403	7920  	181.38 	207	147	14.8927	100.572	249	21 	22.896 
404	7962  	181.249	207	147	15.1253	100.196	223	19 	23.2772
405	8008  	181.396	207	147	14.993 	100.132	217	19 	23.0782
406	8010  	181.441	207	147	14.7569	100.579	233	21 	22.6285
407	7988  	181.519	207	147	14.7629	100.219	241	21 	22.8308
408	7970  	181.564	207	147	14.8227	100.685	237	19 	23.2303
409	8104  	181.754	207	147	14.6752	100.715	249	21 	23.7859
410	8126  	181.865	207	147	14.3778	100.944	251	7  	23.4885
411	8022  	181.91 	207	147	14.3245	100.701	235	17 	23.4709
412	8100  	182.095	207	147	14.4404	100.708	257	19 	23.6618
413	8096  	181.821	207	147	14.3437	101.008	245	7  	23.3732
414	7964  	181.646	207	147	14.6103	101.23 	251	19 	24.0915
415	8068  	181.884	207	147	14.6098	101.265	237	9  	23.8873
416	8046  	181.662	207	147	14.6498	101.232	251	19 	23.8228
417	7960  	181.452	207	147	14.5937	101.115	259	21 	23.9849
418	7926  	181.411	207	147	14.7874	101.295	257	21 	24.3061
419	7930  	181.375	207	147	14.9357	100.897	237	19 	23.4102
420	8078  	181.413	207	147	14.7731	100.686	239	21 	23.5027
421	8118  	181.769	207	147	14.6507	100.723	231	7  	23.948 
422	8036  	181.637	207	147	14.4279	100.876	257	15 	23.6881
423	8020  	181.682	207	147	14.4329	100.731	287	15 	23.2779
424	7952  	181.51 	207	147	14.574 	100.558	291	21 	23.6124
425	8040  	181.66 	207	147	14.5643	100.126	225	19 	23.0152
426	8036  	181.76 	207	147	14.5604	100.404	223	13 	23.4181
427	8044  	181.716	207	147	14.4904	100.611	227	19 	23.9426
428	7948  	181.481	207	147	14.6862	100.448	229	19 	23.99  
429	8074  	181.76 	207	147	14.637 	100.485	247	19 	24.0824
430	7966  	181.396	207	147	14.8776	100.583	233	19 	23.6381
431	8058  	181.76 	207	147	14.6361	100.666	281	21 	23.1428
432	7940  	181.35 	207	147	14.8668	100.994	233	19 	23.0871
433	8002  	181.501	207	147	15.1411	100.769	235	19 	23.4962
434	8020  	181.433	207	147	15.0202	100.553	235	21 	23.3358
435	7998  	181.621	207	147	14.9228	100.617	277	17 	24.0197
436	8104  	181.614	207	147	14.6158	100.437	277	17 	23.2195
437	8082  	181.821	207	147	14.515 	100.976	259	17 	23.6838
438	8024  	181.737	207	147	14.5334	101.085	235	19 	23.9645
439	7920  	181.506	207	147	14.6737	101.325	255	21 	23.8433
440	7860  	181.098	207	147	15.0181	101.304	281	19 	24.1425
441	7988  	181.179	207	147	15.0015	101.007	283	21 	23.5352
442	7954  	181.339	207	147	15.0419	100.847	283	21 	23.5295
443	7978  	181.491	207	147	14.9825	100.409	219	17 	23.2835
444	7980  	181.223	207	147	14.8015	100.809	227	21 	22.7027
445	7878  	181.216	207	147	14.9639	100.718	227	15 	22.4039
446	7982  	181.307	207	147	15.1018	100.666	219	17 	22.6508
447	7990  	181.336	207	147	15.1186	100.319	219	19 	23.1675
448	7932  	180.988	207	147	15.2757	100.478	209	21 	22.5634
449	7936  	181.135	207	147	15.2196	100.551	229	15 	22.465 
450	8034  	181.137	207	147	14.951 	100.766	227	21 	23.0198
451	8098  	181.758	207	147	14.8706	100.616	229	17 	22.381 
452	7970  	181.393	207	147	14.8082	100.82 	213	19 	22.507 
453	8042  	181.692	207	147	14.8138	100.593	253	13 	23.5156
454	8034  	181.616	207	147	14.7475	100.691	255	21 	23.5134
455	8010  	181.565	207	147	14.7905	101.281	253	19 	23.52  
456	8070  	181.534	207	147	14.813 	101.017	271	17 	24.1677
457	7978  	181.268	207	147	14.8646	100.854	249	21 	23.8446
458	7964  	181.276	207	147	15.042 	100.97 	235	21 	23.4281
459	7980  	181.244	207	147	15.0958	100.968	245	19 	23.8699
460	7992  	181.337	207	147	15.0404	100.779	265	21 	23.3814
461	7970  	181.379	207	147	14.9644	100.816	281	21 	23.556 
462	7914  	181.23 	207	147	15.0512	100.796	247	19 	23.5896
463	7956  	181.3  	207	147	15.0445	100.719	247	21 	23.5121
464	8082  	181.729	207	147	14.7906	100.978	241	15 	23.3436
465	7978  	181.502	207	147	14.706 	100.618	257	15 	23.6806
466	7974  	181.445	207	147	14.6894	100.623	251	11 	23.4484
467	8076  	181.747	207	147	14.5255	100.418	271	17 	23.4513
468	8056  	181.915	207	147	14.5405	100.674	295	21 	23.2389
469	7988  	181.78 	207	147	14.5851	100.764	271	17 	23.0133
470	7980  	181.53 	207	147	14.5857	100.6  	229	21 	23.5338
471	7878  	181.312	207	147	14.8531	100.44 	279	21 	23.5856
472	7988  	181.502	207	147	14.8453	100.148	229	19 	23.5208
473	8038  	181.476	207	147	14.6404	100.392	217	21 	22.387 
474	8074  	181.649	207	147	14.8405	100.227	267	7  	23.0837
475	7966  	181.415	207	147	14.7683	100.514	267	13 	23.2321
476	7968  	181.566	207	147	14.8058	100.274	227	17 	23.2601
477	8104  	181.692	207	147	14.5707	100.497	285	9  	23.4463
478	7988  	181.545	207	147	14.6971	100.844	241	15 	23.8157
479	7930  	181.371	207	147	14.843 	100.803	249	21 	23.747 
480	8046  	181.636	207	147	14.8063	100.844	237	17 	23.4652
481	8096  	181.849	207	147	14.4958	100.837	241	21 	23.4338
482	8018  	181.746	207	147	14.6382	100.419	239	21 	23.7749
483	7914  	181.539	207	147	14.626 	100.603	231	21 	23.4307
484	8076  	181.755	207	147	14.6618	100.34 	241	19 	23.231 
485	7936  	181.534	207	147	14.8227	100.534	247	21 	23.2012
486	7990  	181.54 	207	147	14.8202	100.908	241	21 	23.5834
487	7986  	181.469	207	147	14.9206	100.662	229	21 	23.5675
488	7954  	181.231	207	147	14.9514	101.08 	245	19 	23.6745
489	8062  	181.614	207	147	14.8802	100.688	263	17 	23.5427
490	8006  	181.507	207	147	14.9575	100.785	233	7  	23.2353
491	7998  	181.625	207	147	14.8899	101.199	215	21 	23.8817
492	8006  	181.624	207	147	14.5932	101.232	231	19 	23.3889
493	8084  	181.835	207	147	14.5927	101.138	241	21 	24.2908
494	8054  	181.845	207	147	14.6664	101.226	233	19 	23.9511
495	7996  	181.727	207	147	14.5723	101.513	257	19 	24.5137
496	8066  	181.958	207	147	14.3314	101.235	233	21 	23.9532
497	8068  	182.005	207	147	14.1965	101.187	235	21 	24.255 
498	7926  	181.616	207	147	14.452 	100.973	235	11 	24.2538
499	7932  	181.314	207	147	14.9492	101.09 	259	19 	23.8553
500	7990  	181.309	207	147	14.9089	100.878	233	9  	23.8549
   	      	           fitness            	             size            
   	      	------------------------------	-----------------------------
gen	nevals	avg    	max	min	std   	avg    	max	min	std  
0  	10000 	194.241	207	182	4.4385	28.7996	127	3  	35.44
1  	7974  	192.547	207	181	4.5923	31.1492	187	3  	36.7783
2  	8008  	192.067	207	182	4.82592	35.084 	199	3  	39.6686
3  	8118  	192.004	207	182	5.09682	37.958 	215	3  	41.7426
4  	8052  	191.723	208	182	5.34393	41.9704	203	3  	43.657 
5  	7982  	191.528	207	182	5.52802	47.1326	205	3  	45.3063
6  	8108  	191.464	208	181	5.71677	53.8458	211	3  	47.0023
7  	7968  	191.082	207	181	5.7696 	62.3204	257	3  	47.7394
8  	7990  	190.61 	207	180	5.82971	69.1816	239	3  	46.3147
9  	8080  	190.231	207	179	5.75804	72.776 	219	3  	44.577 
10 	7996  	189.817	208	179	5.85294	76.6316	239	3  	42.7572
11 	8042  	189.456	207	180	5.83954	77.1056	247	3  	41.205 
12 	8024  	189.264	208	180	5.98402	75.8966	279	3  	39.0516
13 	7952  	188.802	207	179	6.01282	74.9608	283	3  	36.5535
14 	7978  	188.535	208	179	6.09328	73.4812	241	3  	33.5133
15 	7910  	188.192	208	179	6.06597	72.7904	221	3  	31.8944
16 	7970  	188.081	208	179	6.09126	72.9128	223	3  	30.2542
17 	8078  	188.106	208	179	6.11898	73.3176	249	3  	30.1797
18 	7986  	187.786	208	178	6.13959	74.8504	239	3  	29.9613
19 	8034  	187.698	208	179	6.05222	76.0838	243	3  	29.5554
20 	7956  	187.637	208	179	6.13866	77.5042	241	7  	29.0577
21 	8046  	187.537	208	179	6.03447	79.5106	227	3  	29.6769
22 	7986  	187.472	207	179	6.11086	81.2588	239	7  	30.0426
23 	8012  	187.357	208	179	6.07931	83.287 	235	7  	29.6342
24 	8036  	187.287	208	179	6.09763	86.1354	233	11 	29.833 
25 	7862  	187.114	208	179	6.00413	88.7948	259	13 	29.2573
26 	7984  	187.106	208	179	6.00863	91.2788	209	11 	28.8425
27 	7988  	186.953	208	179	5.95508	92.6064	263	11 	28.5839
28 	7996  	187.028	208	174	5.98863	94.9158	247	11 	28.6468
29 	7984  	186.912	207	178	5.98566	97.616 	243	7  	28.3788
30 	7910  	186.97 	208	178	6.10048	99.5708	221	11 	27.8061
31 	8024  	187.041	208	176	6.10593	102.069	243	11 	28.2012
32 	7974  	187.023	207	174	6.11819	103.844	247	15 	28.2905
33 	7992  	187.044	208	173	6.17155	104.775	255	15 	28.2577
34 	8012  	186.885	207	172	6.14153	105.523	255	25 	28.0998
35 	7976  	186.898	207	172	6.2317 	105.329	259	15 	28.107 
36 	8012  	186.91 	207	171	6.33785	105.698	259	7  	27.8165
37 	8056  	186.94 	208	171	6.4585 	106.246	247	19 	27.5838
38 	7930  	186.719	207	170	6.64755	106.95 	245	23 	27.1489
39 	7946  	186.495	208	170	6.93593	107.677	237	11 	26.7408
40 	8012  	186.077	206	169	7.29177	109.255	249	29 	27.2549
41 	8070  	185.226	206	167	7.82064	112.285	271	33 	29.1389
42 	8006  	183.363	206	167	8.64224	118.525	275	29 	31.3002
43 	8004  	180.832	208	167	9.03703	125.58 	277	29 	32.5551
44 	8006  	179.53 	208	167	8.93082	130.228	313	29 	34.7589
45 	8004  	179.226	208	167	9.02105	132.335	295	27 	35.0765
46 	7996  	179.063	207	166	9.06365	132.26 	297	25 	35.335 
47 	7980  	179.043	207	166	9.19572	133.693	355	21 	36.3816
48 	8028  	179.171	208	166	9.40374	133.963	311	27 	36.8827
49 	8006  	179.262	208	166	9.46515	134.816	327	35 	36.8031
50 	8044  	179.212	208	166	9.57209	136.717	331	37 	38.3326
51 	7944  	178.951	208	164	9.48007	140.27 	325	33 	39.4766
52 	8070  	179.101	207	164	9.6628 	143.572	375	33 	40.7837
53 	8092  	179.053	208	164	9.64782	145.641	347	29 	41.6798
54 	8014  	178.864	208	165	9.65649	149.664	365	33 	43.2451
55 	7958  	178.917	208	165	9.68222	150.636	347	37 	43.5147
56 	7982  	178.745	208	165	9.63371	151.468	357	35 	42.9774
57 	8038  	178.95 	208	165	9.72639	152.853	397	35 	43.08  
58 	7928  	178.641	208	165	9.80565	154.699	361	31 	42.8309
59 	7976  	178.584	208	165	9.82303	157.118	357	35 	42.3729
60 	8008  	178.494	207	165	9.73442	161.299	341	37 	41.3738
61 	7916  	178.281	208	165	9.61848	163.677	343	35 	41.8586
62 	8046  	178.255	208	165	9.62313	165.692	325	37 	41.187 
63 	7948  	178.08 	207	165	9.65845	169.048	349	39 	40.894 
64 	8078  	177.967	208	165	9.43866	172.615	383	35 	40.0516
65 	7996  	177.928	207	165	9.55485	176.246	369	39 	38.8619
66 	8036  	177.778	208	165	9.45058	178.766	369	39 	37.7483
67 	7926  	177.76 	208	165	9.51218	180.059	349	39 	37.4077
68 	8094  	177.913	208	165	9.57043	181.313	357	39 	36.4665
69 	8046  	177.659	208	165	9.35128	182.1  	391	41 	35.7742
70 	8102  	177.637	208	165	9.32719	181.46 	359	41 	35.829 
71 	8030  	177.724	208	165	9.49298	182.13 	369	33 	36.1929
72 	8102  	177.731	208	165	9.45369	182.217	391	35 	35.5741
73 	8034  	177.609	208	165	9.54892	182.038	327	37 	34.5393
74 	7940  	177.541	207	165	9.47497	182.654	341	41 	34.3491
75 	8140  	177.83 	207	165	9.57307	183.267	361	41 	33.8004
76 	7994  	177.346	208	165	9.25355	184.05 	427	39 	33.8405
77 	7964  	177.488	208	165	9.45394	183.993	377	29 	33.7424
78 	8046  	177.453	207	165	9.46069	184.061	343	39 	33.6042
79 	7978  	177.514	208	165	9.53803	183.987	345	35 	33.81  
80 	8052  	177.353	208	165	9.29157	183.658	371	43 	33.2378
81 	8010  	177.484	208	165	9.45611	184.089	341	43 	32.1073
82 	7894  	177.304	207	165	9.481  	183.953	345	49 	32.6002
83 	7978  	177.403	208	165	9.41898	184.227	375	51 	32.313 
84 	7844  	177.296	208	165	9.5297 	184.167	381	55 	32.513 
85 	8068  	177.594	208	165	9.56348	183.364	337	35 	32.3201
86 	7960  	177.443	207	165	9.5353 	183.316	353	45 	32.8434
87 	8030  	177.526	208	165	9.52175	183.532	387	33 	33.4032
88 	8084  	177.44 	208	165	9.35315	184.033	343	57 	32.5459
89 	8056  	177.577	208	165	9.51263	184.15 	355	37 	32.5707
90 	7942  	177.497	208	165	9.50423	184.163	377	57 	32.5196
91 	8020  	177.515	208	165	9.45623	184.477	379	37 	32.8998
92 	7938  	177.392	208	165	9.44193	183.846	335	47 	32.8671
93 	7952  	177.337	207	165	9.48109	184.374	371	37 	32.5114
94 	8014  	177.575	207	165	9.54488	183.768	371	59 	32.2089
95 	8074  	177.299	207	165	9.24327	183.589	387	57 	32.7313
96 	7986  	177.538	207	165	9.54171	183.144	373	35 	32.4521
97 	7970  	177.465	207	165	9.56775	182.873	367	39 	33.0688
98 	8038  	177.657	207	165	9.62282	182.75 	359	39 	32.945 
99 	7998  	177.579	207	165	9.54083	183.05 	335	37 	32.1614
100	8120  	177.75 	207	165	9.4789 	183.366	367	35 	32.5337
101	8042  	177.645	208	165	9.46808	182.945	369	47 	32.7227
102	8042  	177.547	208	165	9.40922	182.576	355	39 	32.7235
103	8064  	177.656	207	165	9.47357	182.523	385	39 	32.2666
104	8012  	177.604	208	165	9.45297	182.61 	359	49 	32.7711
105	7986  	177.511	207	165	9.38113	183.147	365	45 	32.7144
106	8052  	177.685	208	165	9.51334	183.456	375	39 	32.6536
107	7890  	177.256	208	165	9.38742	183.639	393	35 	33.4396
108	7950  	177.532	208	165	9.521  	183.304	339	39 	32.9803
109	7980  	177.324	208	165	9.43938	183.252	397	35 	33.0186
110	7898  	177.391	208	165	9.53074	183.244	353	33 	33.6165
111	7828  	177.296	207	165	9.56084	182.997	345	37 	32.5079
112	7950  	177.418	208	165	9.54918	182.695	375	39 	32.6725
113	7924  	177.279	207	165	9.43789	183.439	351	59 	31.6478
114	7988  	177.401	207	165	9.57733	182.936	365	57 	32.5971
115	7868  	177.335	208	165	9.58389	183.213	387	39 	32.5245
116	8044  	177.661	208	165	9.60243	182.927	513	51 	32.6845
117	7914  	177.397	208	165	9.46575	183.175	509	37 	32.6015
118	7962  	177.417	208	165	9.5319 	183.591	365	39 	32.9467
119	7964  	177.369	208	165	9.54166	183.091	365	37 	32.4532
120	7932  	177.46 	208	165	9.49501	182.956	357	35 	32.5367
121	8068  	177.603	207	165	9.59042	183.653	357	39 	32.5653
122	8050  	177.574	208	165	9.51558	184.013	417	35 	33.0842
123	7948  	177.409	208	165	9.50836	184.426	383	43 	32.9705
124	7990  	177.377	208	165	9.35368	184.328	371	47 	33.3183
125	8012  	177.512	208	165	9.42743	183.544	373	59 	33.4011
126	8136  	177.623	208	165	9.39684	183.15 	359	37 	33.7845
127	8022  	177.643	207	165	9.49746	183.141	349	33 	32.9565
128	8014  	177.574	207	165	9.42308	183.641	359	57 	32.527 
129	8002  	177.509	208	165	9.53727	183.564	359	39 	32.7703
130	8070  	177.547	207	165	9.35298	182.994	351	57 	32.4762
131	8012  	177.47 	208	165	9.43321	182.49 	379	43 	32.8044
132	8052  	177.806	207	165	9.58223	181.727	357	39 	33.0439
133	7900  	177.375	208	165	9.44651	182.259	381	35 	32.9169
134	8096  	177.853	207	165	9.74267	181.324	367	43 	32.6805
135	8044  	177.769	207	165	9.60758	180.46 	369	33 	31.9265
136	8042  	177.729	208	165	9.58819	181.143	371	35 	32.6056
137	8058  	177.494	207	165	9.36608	181.292	371	35 	32.4142
138	7982  	177.53 	208	165	9.50647	182.001	369	47 	32.7285
139	7952  	177.565	208	165	9.61313	182.479	381	37 	32.2584
140	7910  	177.448	208	165	9.6462 	182.472	365	43 	32.369 
141	8040  	177.44 	208	165	9.43185	182.006	359	39 	32.3828
142	8080  	177.636	207	165	9.51559	182.453	393	51 	32.1783
143	8046  	177.568	208	165	9.46021	183.015	343	37 	32.7414
144	8032  	177.637	207	165	9.45186	182.683	357	33 	32.897 
145	8042  	177.599	207	165	9.36308	182.947	369	39 	33.3531
146	7918  	177.46 	208	165	9.51228	183.159	361	57 	33.0046
147	8024  	177.55 	207	165	9.54238	183.142	385	33 	32.9454
148	8016  	177.528	207	165	9.48308	183.574	379	41 	33.0726
149	7986  	177.505	208	165	9.47356	183.122	387	43 	32.6505
150	8008  	177.375	207	165	9.37748	183.29 	365	59 	32.3991
151	7942  	177.477	208	165	9.56665	182.568	365	53 	32.6551
152	7996  	177.418	208	165	9.48339	182.937	399	59 	32.8745
153	7926  	177.556	207	165	9.66335	182.134	345	49 	32.209 
154	7924  	177.398	208	165	9.52858	182.325	349	39 	31.9595
155	7946  	177.291	208	165	9.50928	182.139	367	35 	31.6254
156	7954  	177.492	208	165	9.63451	181.672	333	49 	32.1402
157	8028  	177.385	208	164	9.37347	182.026	347	35 	32.1433
158	8112  	177.53 	208	164	9.45628	181.759	353	59 	31.5579
159	7930  	177.537	207	164	9.59169	181.355	363	39 	32.5319
160	8024  	177.47 	208	164	9.45437	182.072	363	35 	32.4714
161	8056  	177.606	208	164	9.56916	181.841	377	43 	32.5908
162	8056  	177.659	208	164	9.55917	181.571	381	45 	33.1427
163	8024  	177.555	207	164	9.5327 	182.331	397	49 	33.0726
164	7914  	177.353	207	164	9.59021	182.403	437	35 	34.1145
165	7962  	177.463	208	164	9.58067	183.148	437	43 	33.7697
166	7972  	177.46 	208	164	9.62686	183.423	401	31 	34.4445
167	8050  	177.451	208	164	9.46241	183.734	463	53 	34.0922
168	7880  	177.491	208	164	9.62551	184.747	447	43 	35.41  
169	7952  	177.239	208	164	9.44198	185.365	447	37 	35.1694
170	8032  	177.4  	208	164	9.53689	186.294	447	59 	36.0292
171	7976  	177.305	208	164	9.41514	187.616	417	51 	36.8665
172	8024  	177.446	207	164	9.57693	189.141	455	55 	38.1889
173	8042  	177.422	207	164	9.58669	191.333	443	39 	39.1572
174	7950  	177.126	207	164	9.4563 	194.172	449	41 	40.1091
175	7990  	177.134	208	164	9.42412	196.422	451	37 	40.019 
176	8074  	177.261	207	164	9.34254	199.877	455	53 	41.924 
177	7886  	176.956	207	164	9.35967	202.781	455	55 	41.1022
178	8014  	176.849	208	164	9.16231	206.384	483	59 	41.0016
179	8032  	176.992	208	164	9.27006	209.239	475	43 	40.8796
180	7966  	176.713	207	164	9.12218	211.668	473	55 	41.4235
181	8094  	176.833	208	164	9.11162	213.644	469	43 	41.4877
182	7894  	176.633	208	164	9.11211	216.54 	469	39 	42.1104
183	8040  	176.683	208	164	9.12035	218.637	469	57 	41.6356
184	7992  	176.466	208	164	8.99717	220.861	465	55 	41.6691
185	7970  	176.385	207	164	8.96562	223.619	497	45 	41.685 
186	7898  	176.283	208	164	9.01212	224.523	483	37 	42.3291
187	8020  	176.373	208	164	9.01306	225.224	469	35 	42.4735
188	8046  	176.403	208	164	9.01025	224.971	503	35 	42.9944
189	7944  	176.434	208	164	8.97758	224.472	517	61 	42.7136
190	7922  	176.419	208	164	9.06827	225.151	503	37 	42.5049
191	8024  	176.466	207	164	9.03302	224.588	503	39 	42.5709
192	8040  	176.573	208	164	9.04824	224.373	503	39 	42.4578
193	7890  	176.158	208	164	8.82176	224.748	477	35 	42.2865
194	7972  	176.524	208	164	9.13102	223.954	571	35 	41.7479
195	8038  	176.397	207	164	8.94012	224.716	447	55 	41.8661
196	8046  	176.476	208	164	8.97323	224.561	467	39 	43.3067
197	7966  	176.424	207	164	9.06177	225.619	557	35 	43.8702
198	8032  	176.319	207	164	8.97316	225.232	523	35 	44.0748
199	7960  	176.467	208	164	9.11366	225.158	495	47 	43.6228
200	8030  	176.484	208	164	9.09463	225.355	495	45 	43.097 
201	8000  	176.362	207	164	8.94795	225.212	499	37 	42.5996
202	7998  	176.345	208	164	8.98143	225.153	513	33 	44.4229
203	8048  	176.515	206	164	8.95502	225.167	497	39 	44.2434
204	8018  	176.475	207	164	8.96378	225.292	507	43 	43.4268
205	8006  	176.358	208	164	8.88143	225.417	509	41 	43.4599
206	8078  	176.612	208	164	9.11661	225.962	497	55 	43.1743
207	8022  	176.518	207	164	9.05465	226.204	589	37 	44.1031
208	7868  	176.312	208	164	9.01427	227.772	517	41 	44.9765
209	7992  	176.374	207	163	8.98464	227.682	507	53 	45.53  
210	7908  	176.321	208	163	9.04854	228.193	557	55 	47.076 
211	8030  	176.186	207	163	8.8774 	228.848	509	37 	47.2843
212	8022  	176.329	207	163	8.9832 	228.627	529	49 	47.6961
213	7962  	176.214	207	163	8.94667	227.562	503	39 	46.5633
214	8014  	176.256	208	163	8.8966 	228.5  	541	37 	47.301 
215	8054  	176.324	207	163	8.96698	228.271	503	59 	47.8392
216	7962  	176.293	208	163	9.01401	227.638	501	55 	47.5468
217	7958  	176.311	207	163	8.96337	226.638	503	33 	46.0288
218	8010  	176.358	207	163	9.07309	227.187	543	45 	47.1664
219	7976  	176.346	208	163	9.00473	227.567	527	59 	46.3969
220	7990  	176.297	207	163	8.94378	227.449	543	59 	46.3823
221	7970  	176.297	208	163	9.06243	227.929	543	43 	47.3209
222	7962  	176.221	208	163	8.94628	227.254	545	55 	47.2554
223	8018  	176.343	208	163	9.15808	227.101	547	31 	46.8569
224	8006  	176.35 	207	163	9.09301	227.028	541	35 	45.1331
225	7938  	176.337	207	163	9.12932	225.22 	547	53 	45.0481
226	8022  	176.329	208	163	9.0793 	226.273	545	29 	45.1713
227	7962  	176.254	208	163	9.13768	225.426	577	27 	44.4341
228	8040  	176.13 	207	163	8.93838	226.014	577	51 	43.6073
229	8038  	176.311	207	163	9.08234	225.322	539	31 	42.5722
230	7968  	176.292	208	163	9.18615	225.921	533	35 	44.4515
231	7864  	175.971	207	163	9.05447	226.441	535	43 	45.6632
232	8080  	176.248	208	163	9.05662	226.08 	535	61 	46.3871
233	7982  	176.32 	208	163	9.20526	226.641	529	33 	48.4117
234	8028  	176.157	208	163	9.09896	226.945	549	31 	48.5269
235	8062  	176.166	208	163	9.10829	225.606	567	39 	49.155 
236	8028  	176.138	208	163	8.98641	227.539	561	41 	49.1556
237	8030  	176.061	208	163	9.00096	227.56 	543	35 	50.3146
238	7994  	176.091	207	163	9.10835	228.651	541	39 	51.2023
239	7962  	176.021	207	163	9.16561	228.593	553	41 	51.6446
240	8014  	176.031	207	163	9.09311	230.277	553	55 	51.5039
241	8058  	176.212	208	163	9.17292	229.801	557	45 	53.2563
242	7890  	175.908	208	163	9.08214	229.674	557	49 	53.1249
243	7976  	175.989	208	163	9.13939	229.82 	557	55 	52.9523
244	7984  	175.986	208	163	9.13105	229.106	567	43 	53.4308
245	8000  	176.035	208	163	9.15469	228.61 	583	31 	52.9057
246	8000  	176.198	208	163	9.13561	228.65 	579	67 	52.0991
247	8098  	176.346	207	163	9.14272	228.089	583	35 	51.8382
248	8030  	176.255	207	163	9.25624	228.178	583	39 	53.153 
249	7996  	176.043	207	163	9.05589	228.798	589	35 	54.8749
250	8062  	176.152	207	163	9.12844	228.669	593	45 	54.4079
251	8064  	176.039	207	163	8.93403	228.628	593	39 	53.7205
252	8126  	176.388	207	163	9.24675	228.966	605	35 	55.1871
253	8028  	176.278	208	163	9.20404	228.358	589	49 	55.5038
254	7958  	176.112	208	163	9.25201	229.615	639	43 	58.0763
255	8078  	176.153	208	163	9.1492 	229.135	589	61 	56.0843
256	7902  	175.902	208	163	9.12229	229.839	633	47 	57.7499
257	8070  	176.197	207	163	9.22825	230.016	593	41 	57.1448
258	7936  	175.913	208	163	9.13753	230.655	633	55 	57.4345
259	7962  	175.963	208	163	9.15398	229.931	611	43 	55.4377
260	7964  	176.085	207	163	9.22992	228.518	663	37 	56.4953
261	8052  	176.078	208	163	9.18965	228.144	613	49 	54.8459
262	8016  	176.079	207	163	9.16107	227.653	655	39 	55.17  
263	8004  	176.098	208	163	9.20252	227.579	581	39 	55.131 
264	8028  	176.2  	208	163	9.15893	227.66 	641	39 	55.6274
265	8048  	176.195	208	163	9.25762	227.695	679	35 	55.929 
266	7974  	176.123	207	163	9.17852	227.151	697	37 	55.0922
267	8028  	176.11 	208	163	9.14968	229.413	697	39 	59.1959
268	8096  	176.213	207	163	9.2024 	229.482	699	35 	59.2599
269	7988  	176.114	208	163	9.16097	230.701	715	41 	62.6932
270	8092  	176.162	207	163	9.06833	232.5  	705	33 	66.1162
271	8014  	176.078	208	163	9.17748	233.121	655	53 	66.2865
272	7986  	175.935	207	163	9.12697	234.967	655	37 	68.2014
273	8000  	176.129	208	163	9.28234	235.94 	661	63 	69.2691
274	7940  	175.916	208	163	9.14918	235.006	683	29 	68.3891
275	7888  	175.922	207	163	9.21998	235.359	653	39 	68.228 
276	8048  	176.07 	208	163	9.26244	233.935	693	45 	65.2724
277	7956  	175.903	207	163	9.12015	233.606	693	39 	67.0677
278	7966  	175.811	207	163	9.06031	234.012	693	35 	66.3488
279	7982  	176.015	207	163	9.18774	232.553	641	53 	62.7302
280	7926  	175.936	208	163	9.28059	232.133	647	37 	61.3281
281	7964  	175.982	207	163	9.20193	231.47 	647	43 	61.6063
282	7990  	176.061	208	163	9.19956	229    	647	53 	58.7208
283	8032  	176.193	208	163	9.16699	228.44 	577	41 	58.7571
284	8096  	176.272	208	163	9.26445	229.388	597	39 	59.7098
285	7988  	176.151	207	163	9.16507	229.698	597	35 	60.2279
286	8046  	176.226	207	163	9.1033 	229.244	621	43 	58.3928
287	8152  	176.281	207	163	9.07933	229.116	637	19 	58.4695
288	7982  	176.051	208	163	9.07946	230.307	653	37 	62.1647
289	8000  	176.183	207	163	9.23197	232.422	605	51 	65.105 
290	8074  	176.269	208	163	9.24162	232.287	615	65 	63.5714
291	8022  	175.946	207	163	9.06896	232.674	641	39 	64.478 
292	8038  	176.186	207	163	9.15327	231.941	641	49 	62.631 
293	8016  	176.165	207	163	9.19346	232.717	621	55 	62.8702
294	8080  	176.286	208	163	9.08721	232.711	635	39 	64.7531
295	7944  	175.978	208	163	9.06778	234.625	635	55 	67.7806
296	8024  	176.018	207	163	9.16962	233.497	635	41 	66.0342
297	8012  	176.184	207	163	9.25591	234.576	635	41 	65.9989
298	8072  	176.108	208	163	9.1392 	234.75 	635	39 	66.6761
299	7926  	175.935	208	163	9.21342	235.406	639	57 	68.2912
300	7968  	175.965	208	163	9.30711	236.193	719	35 	67.8974
301	8064  	176.119	208	163	9.15862	234.97 	671	45 	66.1413
302	7930  	175.883	207	163	9.19756	235.343	675	33 	67.6105
303	7864  	175.763	207	163	9.23273	235.791	675	37 	67.5925
304	7930  	175.804	208	163	9.1523 	233.491	667	65 	64.026 
305	8092  	176.075	208	163	9.12731	234.178	675	35 	65.1177
306	8016  	175.935	207	163	9.13569	235.209	667	49 	67.9512
307	7920  	176.1  	208	163	9.30911	234.473	667	59 	67.9366
308	7978  	175.971	207	163	9.33517	234.149	667	55 	66.499 
309	7964  	176.084	207	163	9.21732	232.045	669	39 	62.7763
310	8034  	176.224	207	163	9.2912 	229.832	697	33 	60.7839
311	8044  	176.018	208	163	9.00928	229.865	665	37 	60.6702
312	8098  	176.211	208	163	9.18363	230.875	645	35 	63.3454
313	7894  	175.893	208	163	9.07175	233.36 	699	39 	66.8254
314	7948  	175.866	208	163	9.1369 	232.771	645	41 	62.9755
315	8040  	176.146	207	163	9.23468	230.444	645	33 	59.7504
316	8140  	176.199	207	163	9.16208	231    	679	41 	61.7327
317	7992  	176.031	207	163	9.11936	232.664	681	45 	64.4604
318	7914  	175.85 	208	163	9.23766	231.587	685	39 	63.4933
319	7912  	176.009	208	163	9.2957 	231.281	659	33 	59.7615
320	7980  	176.189	208	163	9.37043	229.674	657	55 	57.4713
321	8072  	176.186	207	163	9.21771	229.464	659	35 	58.292 
322	7922  	176.036	207	163	9.28584	229.721	691	31 	58.4909
323	8030  	176.173	207	163	9.18959	228.495	691	31 	58.6622
324	7930  	175.984	207	163	9.1375 	229.636	691	35 	58.7825
325	8124  	176.304	207	163	9.1667 	229.464	621	41 	57.8645
326	8048  	176.149	208	163	9.10506	231.213	651	39 	60.5728
327	8078  	176.174	208	163	9.13024	232.052	651	45 	62.3811
328	8082  	176.114	207	163	9.0287 	232.751	651	39 	63.889 
329	8016  	176.106	208	163	9.18722	233.213	651	37 	63.6643
330	7988  	176.023	207	163	9.11687	233.053	681	43 	62.9281
331	7908  	175.988	207	163	9.21662	233.45 	649	41 	62.5799
332	8010  	175.97 	208	163	9.13712	231.856	635	39 	60.6228
333	8038  	175.981	208	163	9.13837	231.688	611	31 	59.9089
334	8022  	176.076	207	163	9.14387	231.742	595	35 	58.331 
335	7974  	175.948	208	163	9.17071	231.024	615	33 	59.7078
336	7870  	175.847	207	163	9.20633	232.598	605	41 	60.9759
337	7990  	176.057	208	163	9.27817	232.03 	587	41 	60.9028
338	7992  	175.905	207	163	9.12965	231.659	587	45 	59.7411
339	7888  	175.938	208	163	9.29472	231.717	593	35 	59.9793
340	7928  	175.861	208	163	9.23823	230.723	657	41 	60.4074
341	8044  	176.13 	208	163	9.28372	231.328	653	27 	60.3476
342	7946  	175.88 	208	163	9.16762	230.153	659	41 	58.4676
343	7964  	176.06 	208	163	9.26093	229.561	613	39 	57.3759
344	8056  	176.253	206	163	9.24001	228.642	617	45 	56.5989
345	8014  	176.082	207	163	9.11024	229.513	623	37 	58.1436
346	8072  	176.174	206	163	9.19365	229.773	623	39 	58.5473
347	7954  	176.014	208	163	9.25309	230.219	623	53 	60.4144
348	8004  	176.114	207	163	9.21204	229.181	631	33 	60.012 
349	7998  	176.165	208	163	9.24249	229.56 	655	45 	59.1441
350	8012  	176.101	207	163	9.26572	230.721	681	41 	60.7709
351	7988  	175.967	207	163	9.13794	230.697	623	37 	60.845 
352	8090  	176.238	208	163	9.21392	229.222	713	37 	58.3669
353	8040  	176.097	208	163	9.11395	229.014	633	39 	58.1719
354	7854  	175.909	207	163	9.25082	230.541	629	41 	58.481 
355	7944  	176.07 	207	163	9.27305	230.457	663	41 	56.4052
356	7960  	175.973	207	163	9.13931	229.694	651	45 	56.2782
357	8034  	176.05 	208	163	9.18039	229.278	661	49 	56.7149
358	7964  	175.972	207	163	9.05209	229.068	595	33 	56.8037
359	8012  	176.12 	208	163	9.22956	229.074	581	51 	56.0489
360	7958  	175.979	208	163	9.14022	229.081	563	39 	57.4105
361	7948  	176.08 	207	163	9.18714	229.017	613	33 	56.5679
362	8006  	176.174	207	163	9.28559	227.958	569	41 	57.2429
363	7974  	176.058	208	163	9.13378	228.881	573	33 	58.9444
364	8002  	176.023	207	163	9.17403	230.109	593	35 	60.1812
365	7930  	175.893	208	163	9.16743	230.343	577	35 	60.9393
366	8092  	176.272	208	163	9.23905	229.571	591	39 	59.68  
367	8000  	175.977	207	163	9.16267	232.05 	579	29 	62.3774
368	7976  	176.072	207	163	9.24543	231.514	573	29 	61.4642
369	7934  	176.03 	207	163	9.29724	231.239	577	37 	60.2887
370	7944  	176.067	207	163	9.36621	231.33 	579	33 	59.5453
371	7912  	175.962	207	163	9.28829	231.213	585	53 	58.8384
372	7986  	175.958	207	163	9.20874	230.64 	561	57 	58.7779
373	7914  	175.901	208	163	9.16286	228.652	563	39 	57.1423
374	8044  	176.107	208	163	9.08812	227.235	579	43 	56.5602
375	7978  	176.067	207	163	9.11893	227.418	683	59 	57.098 
376	8068  	176.232	208	163	9.18662	226.594	617	51 	54.9093
377	8034  	176.231	208	163	9.23993	226.53 	579	41 	54.2781
378	7988  	176.218	207	163	9.22296	225.74 	575	37 	52.0429
379	8082  	176.238	207	163	9.15579	224.877	567	35 	52.1371
380	7964  	176.285	207	163	9.29999	225.585	553	55 	52.5175
381	8066  	176.4  	207	163	9.29968	225.645	563	39 	51.9124
382	7920  	175.969	207	163	9.23081	225.955	555	39 	52.0129
383	8054  	176.232	208	163	9.21822	225.172	569	41 	50.0515
384	8062  	176.092	208	163	9.14494	225.344	565	49 	49.2751
385	8002  	176.113	207	163	9.19144	225.968	559	37 	50.3232
386	8020  	176.223	208	163	9.25431	224.902	539	39 	52.0455
387	7916  	176.058	208	163	9.31408	225.68 	541	57 	52.2188
388	7974  	176.044	208	163	9.28942	226.05 	559	51 	52.849 
389	8090  	176.14 	208	163	9.15515	226.674	573	55 	52.4112
390	8030  	176.022	208	163	9.10822	226.853	551	61 	53.9525
391	8034  	176.121	207	163	9.27094	226.477	553	39 	54.849 
392	7928  	175.815	208	162	9.15757	227.789	555	41 	54.4458
393	8014  	176.069	207	162	9.31287	226.674	655	39 	53.2473
394	7890  	175.824	208	162	9.24537	226.875	559	39 	53.2219
395	8052  	175.891	207	162	9.1548 	227.111	573	59 	51.8288
396	8066  	176.213	207	163	9.37662	227.253	593	39 	52.2213
397	7996  	176.1  	207	163	9.32171	227.362	591	45 	52.1893
398	8004  	175.972	208	163	9.15548	226.715	577	55 	50.2378
399	7986  	175.905	208	163	9.17914	226.805	591	45 	49.7828
400	7990  	176.008	207	163	9.28975	226.24 	591	47 	49.654 
401	8006  	176.08 	207	163	9.34123	227.237	595	43 	49.253 
402	7980  	175.947	207	163	9.25214	226.806	577	59 	50.6032
403	7982  	175.939	208	163	9.18467	226.428	591	37 	50.5809
404	8004  	175.904	207	163	9.34293	226.409	577	39 	51.5155
405	8058  	175.872	207	163	9.19271	226.067	611	37 	52.2924
406	8088  	175.908	208	163	9.23415	227.968	579	57 	53.0919
407	8118  	176.023	208	163	9.31397	228.355	579	61 	54.632 
408	8098  	175.952	208	163	9.18981	228.72 	585	49 	55.3268
409	7956  	175.772	208	163	9.24944	229.698	583	33 	57.1437
410	8024  	175.816	208	163	9.20889	230.386	585	51 	56.755 
411	7996  	175.78 	207	163	9.20821	230.563	589	39 	55.4995
412	8064  	175.811	207	163	9.22916	230.625	567	55 	55.6752
413	7996  	175.686	208	163	9.14101	231.021	585	59 	55.8605
414	7978  	175.756	208	163	9.28841	230.727	555	39 	54.597 
415	7992  	175.748	207	163	9.30135	230.231	555	39 	53.4061
416	7992  	175.731	208	163	9.2678 	229.825	551	47 	52.9319
417	8032  	175.925	208	163	9.2833 	228.58 	539	41 	54.0563
418	7960  	175.795	208	163	9.34804	230.739	547	39 	53.7514
419	8116  	175.872	208	163	9.14367	230.682	549	43 	53.6821
420	7960  	175.646	207	163	9.15876	230.24 	545	39 	54.1459
421	7876  	175.44 	208	163	9.15744	230.523	539	57 	52.6859
422	8084  	175.823	208	163	9.17016	230.104	527	39 	52.0111
423	8054  	175.775	207	163	9.20184	230.744	541	39 	52.0929
424	7984  	175.678	207	163	9.12526	230.654	545	35 	54.2108
425	7950  	175.57 	207	163	9.20184	231.449	537	39 	53.4382
426	7968  	175.588	207	163	9.31235	231.211	517	47 	53.5574
427	8072  	175.893	207	163	9.22832	231.482	509	53 	53.6446
428	8014  	175.76 	207	163	9.19894	232.113	507	39 	54.116 
429	7946  	175.702	207	163	9.27969	232.353	565	37 	54.9763
430	8000  	175.708	208	163	9.19654	232.126	547	39 	53.5355
431	7932  	175.543	208	163	9.14889	231.835	615	57 	52.9358
432	7954  	175.648	207	163	9.27714	232.736	615	33 	53.4202
433	8014  	175.694	207	163	9.30214	231.672	619	35 	53.9557
434	8004  	175.719	208	163	9.14838	232.136	647	33 	54.4739
435	7894  	175.764	207	163	9.33188	232.355	647	43 	54.2774
436	7996  	175.738	208	163	9.26491	231.699	647	53 	54.2005
437	8016  	175.89 	208	163	9.3168 	230.579	617	37 	52.2497
438	7966  	175.615	208	163	9.12328	230.327	615	59 	52.7466
439	7896  	175.429	208	163	9.16812	230.74 	615	35 	52.7481
440	8048  	175.819	208	163	9.28941	230.274	617	35 	51.5537
441	8086  	176.022	207	163	9.3501 	230.143	615	37 	51.8415
442	7996  	175.738	207	163	9.12948	230.104	615	41 	52.7227
443	7998  	175.833	207	163	9.20345	230.658	515	43 	53.0147
444	8122  	175.885	208	163	9.11881	231.762	565	43 	54.229 
445	8084  	175.78 	208	163	9.13589	232.883	517	33 	53.8143
446	8030  	175.85 	208	163	9.24686	233.217	517	39 	55.1205
447	8054  	175.611	207	163	9.00825	235.192	517	39 	56.9981
448	8094  	175.805	208	163	9.19255	236.362	521	39 	57.2449
449	7972  	175.423	208	163	9.19124	237.85 	541	49 	58.4113
450	8004  	175.47 	207	163	9.21362	235.532	619	59 	56.7539
451	8008  	175.556	208	163	9.25645	234.28 	539	43 	55.5102
452	7998  	175.482	208	163	9.20601	233.119	555	39 	53.2669
453	7980  	175.654	208	163	9.29723	232.389	571	67 	53.8169
454	8006  	175.742	208	163	9.25047	231.63 	543	41 	53.4488
455	8028  	175.716	207	163	9.16736	232.232	543	67 	54.4334
456	7956  	175.56 	207	163	9.15163	233.026	543	49 	54.2952
457	8026  	175.831	208	163	9.30934	233.126	543	59 	54.4427
458	7976  	175.605	208	163	9.24271	232.715	587	43 	55.8397
459	8082  	175.984	208	163	9.39065	231.305	597	55 	54.5217
460	8142  	175.766	207	163	9.1674 	232.353	593	45 	55.5552
461	7946  	175.603	208	163	9.28545	233.02 	567	53 	57.1572
462	8078  	175.768	207	163	9.2378 	232.792	561	53 	57.2337
463	7970  	175.542	207	163	9.1545 	234.13 	559	37 	58.7064
464	7994  	175.687	207	163	9.23325	232.987	559	43 	56.7473
465	7996  	175.735	208	163	9.3008 	232.481	593	43 	56.3118
466	8106  	175.861	208	163	9.25881	232.134	573	53 	56.3865
467	7904  	175.592	207	163	9.19436	232.383	577	31 	56.1895
468	7964  	175.579	207	163	9.24305	231.423	577	49 	54.5077
469	8038  	175.732	208	163	9.24942	231.872	581	61 	54.7272
470	7950  	175.494	207	163	9.18871	232.175	583	61 	55.7199
471	7984  	175.644	207	163	9.19296	233.483	565	59 	57.1084
472	7968  	175.651	206	163	9.20776	233.486	551	67 	56.5843
473	7990  	175.701	208	163	9.20667	232.306	663	39 	56.2838
474	7982  	175.693	207	163	9.27337	233    	515	59 	55.7645
475	8066  	175.714	208	163	9.12773	232.858	531	45 	55.3084
476	8030  	175.776	207	163	9.18302	233.327	551	39 	56.7924
477	8052  	175.671	207	163	9.03526	234.798	577	35 	57.4032
478	8028  	175.633	208	163	9.11305	235.784	525	39 	58.9376
479	7962  	175.419	208	163	9.0273 	238.092	513	35 	59.7128
480	8078  	175.671	208	163	9.18529	238.183	535	57 	61.5457
481	7912  	175.342	208	163	9.19409	239.373	541	57 	62.0015
482	7950  	175.432	208	163	9.1925 	238.352	565	39 	60.4404
483	8018  	175.607	207	163	9.26509	237.449	565	59 	60.6781
484	7974  	175.426	207	163	9.12401	237.886	565	59 	60.177 
485	8034  	175.656	208	163	9.27211	237.783	567	51 	61.9216
486	7904  	175.555	207	163	9.18973	238.527	565	59 	62.4048
487	7972  	175.405	207	163	9.07921	237.842	565	51 	61.0728
488	8054  	175.729	207	163	9.26159	237.945	551	51 	60.935 
489	7984  	175.592	207	163	9.22955	237.91 	571	35 	62.3924
490	7990  	175.529	208	163	9.28155	238.386	549	43 	62.2214
491	8090  	175.675	207	163	9.18513	238.832	571	55 	61.6204
492	8002  	175.561	207	163	9.18734	239.623	589	59 	62.8819
493	8042  	175.391	208	163	9.0395 	241.182	595	59 	63.7229
494	8028  	175.422	207	163	9.13461	240.395	577	55 	64.2078
495	7962  	175.398	208	163	9.11224	240.289	547	55 	63.9042
496	7968  	175.423	207	163	9.14531	239.77 	563	39 	63.7229
497	8008  	175.613	207	163	9.17502	239.513	547	63 	63.5427
498	8024  	175.64 	207	163	9.10739	239.57 	593	35 	64.0057
499	7974  	175.521	208	163	9.18937	239.308	595	43 	63.9398
500	8040  	175.714	207	163	9.21958	239.654	601	55 	65.0639

